6.367 4.09113 0.553934
9.55049 4.13372 0.330629
12.734 1.06728 0.345312
15.9175 0.128446 1.98895
19.101 1.42878 0.941338
22.2845 1.43854 0.50366
25.468 3.97841 0.0442112
28.6515 2.29815 0.0122554
31.835 6.93037 0.903471
35.0185 4.48996 2.30713
38.202 3.5508 0.371358
41.3855 2.49907 0.0755246
44.569 1.91911 0.0928378
47.7525 3.127 0.442696
50.936 1.41173 0.184368
54.1195 2.93764 0.365449
57.303 0.319612 0.0113811
60.4865 0.3567 0.568198
63.67 1.07483 1.72675
66.8535 1.31504 0.267311
70.037 5.11797 0.717665
73.2205 7.70047 0.659347
76.404 0.412337 0.141724
79.5875 3.05589 0.227377
82.7709 0.864848 0.506657
85.9544 2.21292 2.6727
89.1379 2.32722 0.140581
92.3214 11.7922 0.635246
95.5049 1.17714 0.376765
98.6884 2.1491 0.103876
101.872 2.47097 0.640843
105.055 3.3146 0.131328
108.239 2.38979 1.0322
111.422 2.14522 1.09189
114.606 7.86189 2.24942
117.789 1.56768 2.25716
120.973 1.31988 0.806547
124.156 1.28233 0.199446
127.34 0.979923 0.210706
130.523 2.56712 0.229621
133.707 5.50861 0.0397784
136.89 1.83226 0.501659
140.074 1.56475 0.444455
143.257 5.58867 0.514737
146.441 0.715749 0.230136
149.624 4.06412 0.0847984
152.808 4.05082 0.204993
155.991 1.11584 0.529877
159.175 0.396555 1.05944
162.358 0.348351 0.67958
165.542 2.67632 0.797255
168.725 1.24939 0.171613
171.909 1.10956 0.537955
175.092 2.24105 0.151452
178.276 2.50714 0.355574
181.459 8.45461 0.721343
184.643 3.205 1.00855
187.826 2.47562 1.2777
191.01 0.826625 1.2809
194.193 1.9533 0.775146
197.377 1.67611 1.87528
200.56 1.10508 0.330838
203.744 1.41703 0.0116279
206.927 2.7699 0.647592
210.111 1.064 0.577425
213.294 4.63638 0.0873444
216.478 0.21323 0.506333
219.661 1.76561 0.512448
222.845 7.63958 0.63351
226.028 0.550179 1.36118
229.212 0.225105 0.343477
232.395 0.663445 0.984539
235.579 1.30696 0.0633676
238.762 0.95556 0.751565
241.946 4.04741 0.0971221
245.129 0.0842224 0.106395
248.313 0.401585 0.0793102
251.496 4.40437 0.988031
254.68 0.33174 0.313722
257.863 8.90966 0.717263
261.047 1.19869 0.768201
264.23 1.00081 2.22598
267.414 0.577124 0.00706994
270.597 6.34615 0.785579
273.781 0.912148 0.441679
276.964 0.910754 0.133884
280.148 0.412542 0.947048
283.331 4.56727 0.254194
286.515 2.06171 0.731278
289.698 3.36783 0.107974
292.882 0.113702 0.516554
296.065 10.7341 1.63281
299.249 2.50051 0.460248
302.432 3.05729 0.785871
305.616 1.77756 0.304719
308.799 0.553517 0.123619
311.983 1.85455 0.807208
315.166 7.73185 0.154808
318.35 0.196139 0.0358686
321.533 1.47205 0.224202
324.717 8.24273 0.28465
327.9 1.72035 0.014993
331.084 2.99625 0.682523
334.267 2.48678 0.461472
337.451 2.75925 2.78379
340.634 1.33943 0.652743
343.818 0.324711 0.0125203
347.001 4.69384 0.231413
350.185 2.28327 0.532501
353.368 1.61341 0.594903
356.552 0.822279 0.191745
359.735 4.76468 0.123209
362.919 1.3399 0.697868
366.102 3.42026 1.76669
369.286 4.67004 0.175771
372.469 6.94561 0.438137
375.653 2.73537 0.139515
378.836 2.88414 0.281206
382.02 0.532223 0.19513
385.203 3.62577 1.19642
388.387 2.47161 0.437114
391.57 0.422975 0.757088
394.754 1.36848 0.500027
397.937 0.504338 0.0938855
401.121 0.293349 0.263673
404.304 0.0680378 0.869733
407.488 0.213769 1.4043
410.671 3.0433 0.482035
413.855 0.102713 1.9611
417.038 0.74394 0.165317
420.222 0.143248 0.00993966
423.405 0.0204227 0.665046
426.589 9.14314 0.198546
429.772 0.440973 0.0396552
432.956 1.91084 2.27641
436.139 2.05175 0.247638
439.323 1.33601 0.158146
442.506 1.49116 1.70198
445.69 1.46485 0.597278
448.873 1.51676 0.208052
452.057 0.475412 0.577207
455.24 8.05125 0.255921
458.424 3.33535 2.40477
461.607 3.08149 0.412766
464.791 0.690795 0.275875
467.974 1.22982 1.03598
471.158 1.12797 0.429627
474.341 8.68479 0.061781
477.525 1.8527 2.16536
480.708 3.42165 1.42223
483.892 0.979329 0.24311
487.075 0.790447 0.313781
490.259 5.73446 0.0852753
493.442 6.72069 0.775889
496.626 1.67733 0.883322
499.809 4.71765 0.0497174
502.993 2.48903 0.668932
506.176 1.24497 0.327395
509.36 3.89316 1.18203
512.543 0.223375 0.189096
515.727 1.97192 0.0341799
518.91 1.47247 0.182383
522.094 1.63588 0.689845
525.277 4.21265 0.200042
528.461 3.85817 0.119913
531.644 0.198742 0.0351167
534.828 0.509126 0.904929
538.011 2.51612 0.180195
541.195 0.159322 0.531456
544.378 4.89738 0.278034
547.562 3.32302 0.369552
550.745 2.76297 0.965051
553.929 1.39465 0.438927
557.112 1.47451 0.517
560.296 0.420851 0.622347
563.479 3.36787 0.337695
566.663 0.383229 0.460952
569.846 2.30624 0.195103
573.03 0.866927 0.299215
576.213 0.383237 0.124311
579.397 1.90286 0.470902
582.58 5.31084 1.28245
585.764 3.54493 0.772777
588.947 0.215863 1.40632
592.131 1.41014 0.721628
595.314 2.77121 0.84827
598.498 2.89195 0.164678
601.681 0.0215918 0.954934
604.865 0.583205 0.367647
608.048 6.76077 1.16999
611.232 0.225614 1.82037
614.415 4.37347 1.03144
617.599 10.7437 1.01414
620.782 0.218287 0.594768
623.966 6.55992 0.0388594
627.149 1.30478 0.179597
630.333 2.98258 0.0203231
633.516 0.280662 0.263446
636.7 1.09386 0.00987797
639.883 4.10661 0.307756
643.067 2.50861 0.0629596
646.25 0.228076 1.22178
649.434 0.126704 0.237339
652.617 0.595594 0.571874
655.801 1.62562 0.00943747
658.984 2.30855 0.0423012
662.168 0.0726088 0.14997
665.351 3.24373 0.0842854
668.535 1.48578 0.073629
671.718 0.617267 2.19574
674.902 0.102817 0.315618
678.085 3.91806 0.610931
681.269 2.24778 2.72869
684.452 0.825136 0.917363
687.636 0.160714 0.165783
690.819 1.05427 0.169468
694.003 5.75441 0.437027
697.186 1.51473 0.485388
700.37 3.80406 0.735679
703.553 1.30385 0.268284
706.737 0.992725 1.5539
709.92 2.95244 0.158869
713.104 6.09212 1.01233
716.287 1.05793 2.08371
719.471 5.00216 0.21106
722.654 0.60824 0.172145
725.838 1.47924 1.80898
729.021 0.975336 0.702261
732.205 5.46839 0.787178
735.388 2.19406 0.190833
738.572 1.03135 0.281327
741.755 2.50755 0.162933
744.939 1.5423 0.35793
748.122 4.7767 1.09652
751.306 2.94998 0.418763
754.489 0.495093 0.603069
757.673 1.6131 1.69015
760.856 0.0548418 0.721534
764.04 0.311065 3.11108
767.223 2.7163 0.0441038
770.407 2.45181 0.0991758
773.59 2.62016 0.0844471
776.774 0.231871 0.289545
779.957 0.165422 2.06137
783.141 8.56 0.192804
786.324 0.658577 1.36243
789.508 1.90804 0.481882
792.691 0.70145 0.364671
795.875 0.0568217 0.171341
799.058 2.7128 0.222969
802.242 4.95548 0.446627
805.425 2.16156 0.243436
808.608 7.51283 1.18969
811.792 5.09856 0.17553
814.975 4.84072 0.0663095
818.159 1.5722 0.808469
821.342 1.66147 0.584327
824.526 4.91401 0.13759
827.709 2.2417 0.676656
830.893 0.700465 0.470734
834.076 4.26811 0.0184211
837.26 0.783565 0.00474921
840.443 0.0546331 0.4537
843.627 0.985794 0.0562532
846.81 0.366951 0.0147682
849.994 5.20584 0.584084
853.177 7.63267 0.141244
856.361 0.230367 0.516429
859.544 1.70394 0.668767
862.728 1.08337 0.00162412
865.911 1.33477 0.550363
869.095 3.94828 1.97439
872.278 2.42103 0.715389
875.462 2.54204 0.427774
878.645 0.06497 0.938794
881.829 1.72015 0.350076
885.012 1.06272 0.710417
888.196 1.35972 0.155076
891.379 1.70415 0.585775
894.563 4.66654 0.5787
897.746 1.1401 2.36488
900.93 2.13851 0.419162
904.113 1.71857 0.467721
907.297 2.51155 1.06281
910.48 0.0966399 1.51381
913.664 0.247566 0.115257
916.847 0.622759 1.82372
920.031 5.21012 0.104946
923.214 2.00452 0.354782
926.398 1.91315 0.104777
929.581 0.899619 0.348174
932.765 0.986324 0.715351
935.948 4.63712 0.0242529
939.132 1.60381 0.0378141
942.315 0.448328 0.807976
945.499 0.456947 0.669911
948.682 1.62855 0.217828
951.866 0.00682958 0.269828
955.049 2.30382 0.285126
958.233 7.73075 0.115175
961.416 0.763244 0.684315
964.6 5.71928 0.560748
967.783 1.13565 0.200445
970.967 4.8691 0.433561
974.15 5.79509 0.365857
977.334 1.24356 2.11389
980.517 0.963027 0.0610894
983.701 2.32417 0.536464
986.884 1.13398 0.303758
990.068 9.18598 0.26022
993.251 6.10446 0.608975
996.435 0.682431 2.24349
999.618 6.91899 0.867785
1002.8 0.699093 0.245231
1005.99 3.18851 0.0388102
1009.17 0.32479 0.339678
1012.35 4.50688 0.889904
1015.54 1.24935 0.0748759
1018.72 1.92641 0.534512
1021.9 6.21835 1.13092
1025.09 1.9951 2.45996
1028.27 3.34041 0.287146
1031.45 3.18592 0.692985
1034.64 5.03857 1.18857
1037.82 0.208047 0.413227
1041 1.06035 0.165893
1044.19 9.22959 1.17787
1047.37 0.695722 0.38163
1050.55 1.4376 0.366453
1053.74 7.5221 0.330683
1056.92 0.0890075 0.0748725
1060.1 1.34853 0.3103
1063.29 0.133483 0.667718
1066.47 4.27504 0.750569
1069.66 1.05664 0.305657
1072.84 1.03314 0.571972
1076.02 2.15993 1.03696
1079.21 2.45105 0.777527
1082.39 0.836262 0.070242
1085.57 3.28951 0.311893
1088.76 2.75332 0.0182448
1091.94 1.12257 0.069775
1095.12 0.195989 0.728853
1098.31 0.0661822 1.9186
1101.49 2.52137 1.2112
1104.67 0.00265826 0.459323
1107.86 6.99035 0.445634
1111.04 10.6427 0.126853
1114.22 4.14945 0.438073
1117.41 2.80467 0.280292
1120.59 0.80799 0.050376
1123.77 0.706195 0.150152
1126.96 0.0555745 0.184763
1130.14 1.58632 0.0407135
1133.33 1.0147 0.106128
1136.51 5.32694 0.890888
1139.69 5.00658 0.0998941
1142.88 2.74564 0.340421
1146.06 0.790011 0.257953
1149.24 1.20541 0.834234
1152.43 0.384608 0.017628
1155.61 0.221112 0.29911
1158.79 2.42307 0.704231
1161.98 5.50475 0.854479
1165.16 1.33896 0.417165
1168.34 0.64474 0.272395
1171.53 0.311195 0.411072
1174.71 1.58765 0.19489
1177.89 4.20102 0.0749165
1181.08 0.583814 0.0287623
1184.26 3.02218 0.00232069
1187.44 1.90333 0.569392
1190.63 2.55094 1.28172
1193.81 2.06362 2.03576
1197 3.57058 0.214351
1200.18 1.18057 1.60261
1203.36 6.06883 0.186535
1206.55 0.0736005 0.279051
1209.73 0.216919 0.17076
1212.91 1.88357 1.17445
1216.1 0.997226 0.352826
1219.28 1.86619 1.27556
1222.46 5.06794 2.88882
1225.65 4.96559 2.03144
1228.83 2.54474 0.675632
1232.01 1.70296 0.146358
1235.2 3.01999 1.53648
1238.38 1.45091 0.362087
1241.56 0.506277 0.903511
1244.75 1.26703 0.0898471
1247.93 0.787276 1.11035
1251.11 2.85524 0.0648276
1254.3 3.35207 0.217615
1257.48 0.0819414 0.33168
1260.67 4.62373 0.5039
1263.85 0.73523 0.544448
1267.03 3.25507 2.23492
1270.22 0.00589745 0.298348
1273.4 2.46479 0.172928
1276.58 0.0551421 0.0244887
1279.77 5.77022 0.314856
1282.95 2.68682 0.994437
1286.13 1.69518 1.85184
1289.32 2.0169 1.36699
1292.5 1.02712 0.265363
1295.68 1.34295 0.204287
1298.87 0.584089 0.0715589
1302.05 0.854994 0.121294
1305.23 1.0082 0.820443
1308.42 2.49345 0.401279
1311.6 0.404743 0.33245
1314.78 0.67535 0.140108
1317.97 0.203253 0.145547
1321.15 2.75677 0.974406
1324.34 0.921271 0.558404
1327.52 2.39496 0.780925
1330.7 1.77934 1.00259
1333.89 0.129864 1.4781
1337.07 1.60165 0.20794
1340.25 0.0721722 0.324883
1343.44 3.83199 0.0680428
1346.62 1.73685 0.384496
1349.8 4.98958 0.792954
1352.99 1.20531 0.280574
1356.17 0.972253 1.31926
1359.35 4.5278 0.00309977
1362.54 2.5353 1.51175
1365.72 4.76218 0.116884
1368.9 1.56994 0.0907143
1372.09 2.13723 1.65989
1375.27 2.19254 0.199471
1378.45 0.247136 0.550094
1381.64 1.938 0.0959614
1384.82 0.493696 1.24078
1388.01 3.14648 1.37535
1391.19 2.71498 0.45643
1394.37 3.64891 0.228355
1397.56 3.50148 0.34052
1400.74 0.779237 1.47886
1403.92 0.103633 0.780173
1407.11 1.61875 0.517237
1410.29 0.609848 0.952578
1413.47 2.43398 0.884087
1416.66 4.63907 0.0915457
1419.84 0.991782 0.349309
1423.02 0.865661 0.356926
1426.21 0.415753 0.582399
1429.39 1.32618 1.20949
1432.57 3.16886 0.307925
1435.76 4.82849 0.999093
1438.94 1.36928 0.142539
1442.12 1.88523 1.25261
1445.31 2.97401 0.076782
1448.49 2.36865 0.115694
1451.68 0.395364 1.38075
1454.86 1.51332 2.36196
1458.04 1.07468 1.19473
1461.23 1.89915 0.275241
1464.41 9.87206 0.849716
1467.59 6.3789 0.642573
1470.78 1.82961 0.398113
1473.96 0.241786 0.48533
1477.14 2.89389 0.775843
1480.33 7.31184 0.889974
1483.51 0.598012 1.40075
1486.69 0.913322 0.243044
1489.88 1.93269 0.387288
1493.06 0.637199 0.212453
1496.24 10.9165 0.240526
1499.43 1.58245 0.0907617
1502.61 0.939945 0.0428022
1505.79 2.88923 0.301747
1508.98 1.54148 0.760843
1512.16 1.09443 0.780668
1515.35 2.69364 0.147282
1518.53 8.07963 0.106299
1521.71 2.65556 0.118921
1524.9 0.511072 0.392426
1528.08 3.08435 1.15287
1531.26 1.50572 0.149157
1534.45 3.3789 0.0709297
1537.63 4.23486 0.23346
1540.81 7.38092 0.395345
1544 0.165223 0.0430153
1547.18 5.1232 0.796394
1550.36 7.72016 1.67971
1553.55 1.00619 5.13661
1556.73 1.38481 0.459312
1559.91 3.88336 0.217593
1563.1 1.5919 1.52847
1566.28 0.322511 0.772285
1569.46 1.96612 1.53293
1572.65 0.985046 1.24209
1575.83 1.25537 0.144353
1579.02 1.17964 0.0073475
1582.2 0.138456 0.156482
1585.38 2.61617 0.801026
1588.57 0.276555 0.434068
1591.75 1.4374 0.155765
1594.93 5.02117 0.539189
1598.12 1.0034 0.387559
1601.3 1.73618 0.026983
1604.48 0.432935 0.440483
1607.67 0.616465 0.152482
1610.85 0.555919 0.523823
1614.03 4.45915 0.203423
1617.22 0.0723608 0.0127036
1620.4 0.105428 0.40337
1623.58 3.37261 0.53297
1626.77 1.48183 0.161382
1629.95 4.02902 0.612361
1633.13 0.316385 0.903794
1636.32 2.44414 0.404501
1639.5 0.581822 3.28579
1642.68 0.948823 0.382579
1645.87 0.16618 1.72785
1649.05 0.636459 0.762472
1652.24 0.748219 0.176125
1655.42 1.31608 0.0816939
1658.6 0.0990319 0.0917629
1661.79 1.32619 0.591234
1664.97 0.78528 0.0147433
1668.15 0.489622 0.633547
1671.34 0.931327 0.386986
1674.52 0.150701 0.185247
1677.7 5.33836 0.396702
1680.89 2.48653 1.0414
1684.07 0.49267 0.223186
1687.25 0.287898 0.753461
1690.44 0.211665 0.732362
1693.62 2.5443 0.00319452
1696.8 1.75698 0.429508
1699.99 0.137948 0.0314556
1703.17 2.31734 1.17541
1706.35 0.0674825 0.000398662
1709.54 0.0624381 0.195708
1712.72 4.97752 0.705636
1715.91 1.11645 0.184445
1719.09 1.82094 0.612096
1722.27 0.47133 0.304418
1725.46 1.51784 0.0911621
1728.64 13.5832 1.1845
1731.82 4.73498 0.0263123
1735.01 5.69389 1.46707
1738.19 0.378042 0.262382
1741.37 7.94758 0.843656
1744.56 0.2318 0.0633842
1747.74 1.64218 0.0103246
1750.92 6.84949 0.572798
1754.11 0.969201 0.210543
1757.29 3.62392 0.185471
1760.47 4.60739 2.52419
1763.66 4.73573 0.43912
1766.84 1.87443 0.383666
1770.02 1.46002 0.135987
1773.21 0.514926 0.265674
1776.39 2.25457 0.349365
1779.58 0.127652 0.442965
1782.76 0.885823 1.42016
1785.94 0.807345 0.482556
1789.13 2.42959 1.96837
1792.31 0.493932 0.597902
1795.49 0.992907 2.64819
1798.68 0.708775 0.0821939
1801.86 3.15287 0.00124006
1805.04 1.16989 1.87582
1808.23 4.93278 0.610314
1811.41 0.652843 1.77186
1814.59 1.30879 0.239974
1817.78 0.157009 0.0686848
1820.96 3.40175 0.150015
1824.14 0.870904 0.0648494
1827.33 0.400112 0.194317
1830.51 0.548106 0.258375
1833.69 3.22979 0.0149304
1836.88 0.38199 0.157264
1840.06 0.890366 0.96643
1843.25 3.41944 0.228361
1846.43 4.80389 0.0658828
1849.61 0.136911 0.834259
1852.8 0.278566 0.333078
1855.98 0.964101 0.0656067
1859.16 0.190328 0.535816
1862.35 4.06495 0.961743
1865.53 0.623453 0.21328
1868.71 0.363459 0.399637
1871.9 2.9594 2.47564
1875.08 5.91672 0.296134
1878.26 1.98958 1.73618
1881.45 2.84644 0.764349
1884.63 3.51076 0.655576
1887.81 3.32518 0.13313
1891 4.15499 0.736287
1894.18 3.86047 1.57845
1897.36 0.859373 1.01618
1900.55 2.46043 0.194058
1903.73 0.000133258 0.286719
1906.92 2.4584 0.661967
1910.1 3.30501 0.0117926
1913.28 0.788802 0.22136
1916.47 0.923892 1.31498
1919.65 2.13676 0.635058
1922.83 1.35932 0.477572
1926.02 3.26857 0.0622906
1929.2 1.07214 0.025231
1932.38 5.08797 0.988794
1935.57 0.237643 0.591965
1938.75 0.138215 0.111667
1941.93 5.02452 0.890368
1945.12 6.63308 2.44469
1948.3 0.00152194 2.94922
1951.48 1.05379 1.67086
1954.67 0.664181 0.367729
1957.85 0.218869 0.136608
1961.03 0.0841652 0.123342
1964.22 0.717608 0.0743582
1967.4 2.65933 0.00279942
1970.59 0.0797066 0.654739
1973.77 1.78466 0.05382
1976.95 2.1976 0.195535
1980.14 2.28666 2.01307
1983.32 0.493531 0.982278
1986.5 0.794932 0.505388
1989.69 0.615091 2.14027
1992.87 0.130214 0.930463
1996.05 1.42179 0.302145
1999.24 3.04722 0.547254
2002.42 3.4923 0.324296
2005.6 2.92781 0.710006
2008.79 0.34576 0.180158
2011.97 10.8807 0.369573
2015.15 12.4668 1.86128
2018.34 5.86388 1.18653
2021.52 0.622883 1.31195
2024.7 5.13222 0.337268
2027.89 2.23447 0.88214
2031.07 0.665141 0.925596
2034.26 2.129 0.946669
2037.44 1.27893 0.968063
2040.62 0.568927 0.384704
2043.81 0.683178 0.012954
2046.99 1.82942 0.207337
2050.17 0.504741 0.0903164
2053.36 1.02735 0.0314414
2056.54 1.39671 0.231685
2059.72 0.908413 1.11919
2062.91 4.42936 0.0150486
2066.09 0.0394426 0.648233
2069.27 3.81665 3.32366
2072.46 0.605777 1.21096
2075.64 8.27632 0.342933
2078.82 3.02089 0.679007
2082.01 1.56946 0.582354
2085.19 2.30353 1.29437
2088.37 0.0958114 0.746607
2091.56 2.26727 0.30273
2094.74 0.703475 1.03526
2097.93 0.366834 1.28775
2101.11 3.46209 0.89432
2104.29 1.67196 0.572349
2107.48 0.173538 0.00861242
2110.66 4.48592 1.04056
2113.84 1.21688 1.94364
2117.03 1.76969 0.027357
2120.21 0.861607 0.218346
2123.39 0.390005 2.42545
2126.58 1.58372 0.657738
2129.76 0.581631 0.877114
2132.94 1.51848 0.16271
2136.13 1.54015 0.179092
2139.31 0.0603935 0.728796
2142.49 1.19786 0.710673
2145.68 2.28766 0.111022
2148.86 2.36176 0.320436
2152.04 0.0327608 0.210494
2155.23 2.09252 0.263931
2158.41 1.04602 0.517067
2161.6 1.39329 0.0488862
2164.78 0.22608 0.872978
2167.96 3.69125 0.738565
2171.15 7.34476 0.203093
2174.33 1.63312 0.470306
2177.51 4.37841 1.88613
2180.7 3.51118 0.945839
2183.88 1.85523 0.52084
2187.06 1.34403 1.72979
2190.25 2.99365 0.0956789
2193.43 5.77286 0.0525067
2196.61 1.44042 0.14897
2199.8 0.409753 0.726076
2202.98 1.23722 1.23965
2206.16 1.66665 0.418767
2209.35 2.63408 0.622303
2212.53 1.71959 0.0639551
2215.71 1.62571 0.110456
2218.9 3.66823 0.229661
2222.08 5.1023 2.02417
2225.27 3.17541 0.576612
2228.45 0.373382 1.30973
2231.63 0.904426 0.225769
2234.82 4.16395 0.134837
2238 3.479 2.78563
2241.18 1.5526 0.0755757
2244.37 1.11005 1.37343
2247.55 0.288106 0.134029
2250.73 0.795464 0.620071
2253.92 3.24376 0.180339
2257.1 4.53969 0.141327
2260.28 0.184121 0.128835
2263.47 6.30633 0.0304601
2266.65 0.101135 0.0864425
2269.83 0.168126 0.212935
2273.02 3.14222 0.833066
2276.2 0.148138 0.458113
2279.38 1.85589 0.303115
2282.57 2.1716 0.315334
2285.75 6.39775 0.408028
2288.94 1.58057 0.37088
2292.12 0.622373 1.29647
2295.3 5.85386 0.403636
2298.49 3.24895 0.303516
2301.67 0.541341 0.201188
2304.85 1.55579 1.43092
2308.04 2.88055 0.573138
2311.22 1.77298 1.08344
2314.4 0.834496 1.27813
2317.59 1.57977 0.190103
2320.77 4.14544 0.448669
2323.95 0.677221 1.66512
2327.14 0.743357 2.46024
2330.32 0.0196765 0.368294
2333.5 3.42313 0.879325
2336.69 2.27733 0.231251
2339.87 3.38734 0.667982
2343.05 2.05818 0.00983179
2346.24 1.93294 0.350977
2349.42 0.0846904 0.232699
2352.61 0.368257 0.433876
2355.79 1.43792 0.748739
2358.97 0.490583 0.0357922
2362.16 1.34368 0.0232724
2365.34 1.36807 0.660072
2368.52 2.22252 0.454924
2371.71 8.35546 0.28144
2374.89 2.47304 0.285148
2378.07 5.72792 0.26726
2381.26 2.79636 2.45451
2384.44 3.13499 0.129123
2387.62 7.95404 0.0259725
2390.81 2.64534 0.355214
2393.99 0.455283 0.150482
2397.17 7.81648 1.5923
2400.36 0.0740381 0.959927
2403.54 3.7725 2.36137
2406.72 7.1334 0.0279473
2409.91 1.96688 0.311288
2413.09 0.00245697 0.886864
2416.27 0.744639 0.742845
2419.46 0.290743 0.228985
2422.64 2.76639 0.629305
2425.83 0.210194 0.487074
2429.01 0.280547 0.883227
2432.19 5.57171 0.0977583
2435.38 3.25305 0.335567
2438.56 1.14091 0.0666224
2441.74 5.87811 1.24984
2444.93 3.31357 0.405145
2448.11 3.81377 0.803994
2451.29 6.00602 0.965259
2454.48 0.535248 0.414013
2457.66 2.2722 0.0894042
2460.84 0.248494 0.39356
2464.03 1.47189 1.19074
2467.21 0.165395 0.257239
2470.39 0.352345 0.98048
2473.58 0.920755 1.1276
2476.76 1.34088 0.0818348
2479.94 3.16292 0.0369707
2483.13 2.20912 1.51348
2486.31 0.502977 0.613932
2489.5 1.50992 0.0260292
2492.68 1.44586 0.474943
2495.86 1.25949 0.0426378
2499.05 6.91944 0.265885
2502.23 3.40872 0.536317
2505.41 1.00306 0.229312
2508.6 0.702584 0.0119329
2511.78 4.23519 0.178899
2514.96 3.0613 0.593823
2518.15 1.10456 0.878993
2521.33 1.08488 0.764464
2524.51 0.590723 1.37454
2527.7 0.0649266 0.532269
2530.88 0.788965 3.9121
2534.06 1.22058 0.809046
2537.25 0.339656 0.280137
2540.43 1.65782 0.0623901
2543.61 0.691161 0.361604
2546.8 0.104487 1.48195
2549.98 0.0623573 1.50925
2553.17 0.436341 0.218537
2556.35 8.67902 2.80354
2559.53 1.93818 0.641732
2562.72 0.129113 0.631462
2565.9 3.29558 0.692155
2569.08 0.349127 0.289796
2572.27 1.11343 0.534537
2575.45 0.155621 1.5876
2578.63 0.0108709 0.120259
2581.82 2.6256 0.128908
2585 4.13035 0.423778
2588.18 3.07873 0.790379
2591.37 3.06203 2.71076
2594.55 1.71803 1.12001
2597.73 0.880962 0.220496
2600.92 6.12068 0.0262227
2604.1 0.09834 0.191902
2607.28 1.71319 0.610268
2610.47 6.75326 0.670696
2613.65 6.63965 0.122971
2616.84 1.70332 0.440363
2620.02 1.36277 0.965153
2623.2 7.62026 0.96253
2626.39 3.71956 0.980655
2629.57 1.14515 0.161489
2632.75 2.35496 0.132028
2635.94 0.0481957 0.668278
2639.12 6.38854 1.92678
2642.3 0.633774 0.864172
2645.49 6.39376 0.495412
2648.67 2.47776 0.544078
2651.85 0.219905 0.48607
2655.04 3.33898 0.306965
2658.22 0.297574 0.0584693
2661.4 2.11756 1.14309
2664.59 2.02578 0.198315
2667.77 9.62002 1.56243
2670.95 1.48732 0.571689
2674.14 1.87341 0.0271566
2677.32 1.07054 0.669993
2680.51 0.305445 1.14913
2683.69 0.0104694 0.167953
2686.87 0.611103 0.125494
2690.06 5.66756 0.875231
2693.24 1.25708 2.44214
2696.42 0.193524 1.37946
2699.61 1.01333 0.106889
2702.79 0.625916 0.0696303
2705.97 0.249076 0.327078
2709.16 1.81651 1.38562
2712.34 1.76063 1.13703
2715.52 0.632323 0.222808
2718.71 3.91215 0.322665
2721.89 1.04346 0.220792
2725.07 3.85724 0.209038
2728.26 2.00592 0.00223
2731.44 0.273415 0.100938
2734.62 4.08257 0.176836
2737.81 2.06254 0.138744
2740.99 0.425361 0.99031
2744.18 1.76543 0.0736812
2747.36 0.0206858 0.81497
2750.54 5.72358 0.2024
2753.73 0.102857 0.11375
2756.91 0.407213 0.0697067
2760.09 1.32807 0.333697
2763.28 1.2233 0.294941
2766.46 1.6388 0.408232
2769.64 1.96672 1.02364
2772.83 8.24256 0.551619
2776.01 0.0174923 0.163064
2779.19 0.691554 1.32855
2782.38 0.212965 0.0681035
2785.56 1.76443 0.127711
2788.74 0.429459 0.574554
2791.93 1.58004 0.729237
2795.11 0.0330267 0.100643
2798.29 0.98655 1.29418
2801.48 1.35189 0.139547
2804.66 1.55258 0.191585
2807.85 0.481303 0.108586
2811.03 0.564118 0.0527817
2814.21 0.65691 0.723652
2817.4 6.10289 0.501753
2820.58 3.27026 0.58353
2823.76 1.1223 0.38023
2826.95 0.721712 0.117756
2830.13 1.12562 0.339214
2833.31 1.76793 0.0462093
2836.5 4.2556 0.886001
2839.68 5.39517 2.32728
2842.86 9.19125 0.873179
2846.05 3.21655 0.275888
2849.23 4.64983 0.933646
2852.41 3.32931 1.09961
2855.6 4.04536 0.0365021
2858.78 1.37557 0.592923
2861.96 3.70012 0.828718
2865.15 0.028514 1.08674
2868.33 0.646579 0.475052
2871.52 1.3418 2.06906
2874.7 1.91384 0.00951804
2877.88 1.7643 0.418907
2881.07 1.97106 0.491564
2884.25 2.53088 0.731923
2887.43 5.73164 1.87362
2890.62 8.36115 1.04327
2893.8 7.48164 0.401383
2896.98 1.37909 0.559242
2900.17 0.68121 1.02258
2903.35 1.30888 0.0989581
2906.53 4.21227 0.817401
2909.72 0.750857 1.24691
2912.9 0.22832 0.0640731
2916.08 4.2452 0.22586
2919.27 0.678253 0.215465
2922.45 5.58781 1.116
2925.63 2.36128 0.549147
2928.82 0.918823 1.43875
2932 1.54914 0.717858
2935.19 3.64859 0.115624
2938.37 0.371488 0.70996
2941.55 1.57845 0.404653
2944.74 0.343089 0.143474
2947.92 4.87164 0.0713187
2951.1 1.70782 0.201099
2954.29 2.27301 1.59664
2957.47 3.26561 0.307885
2960.65 0.26136 1.75748
2963.84 3.09645 1.49972
2967.02 0.968999 0.393212
2970.2 0.36142 0.141132
2973.39 0.56401 0.363263
2976.57 3.44836 1.86151
2979.75 1.94835 1.22459
2982.94 1.37071 0.257628
2986.12 0.902963 0.319776
2989.3 1.11382 0.0272768
2992.49 5.91598 0.550051
2995.67 3.94997 1.08961
2998.86 6.67586 0.0664478
3002.04 3.70513 1.65995
3005.22 0.0732287 0.0911288
3008.41 0.84345 0.17605
3011.59 0.81587 1.01806
3014.77 0.00850849 1.89479
3017.96 0.375325 0.0717781
3021.14 0.125404 0.759906
3024.32 3.10396 0.0160044
3027.51 2.76031 1.04812
3030.69 0.776294 0.430893
3033.87 0.0947433 0.47833
3037.06 0.803696 1.5377
3040.24 0.155527 1.31267
3043.42 3.63755 0.0424701
3046.61 3.33478 0.202532
3049.79 6.06537 0.263966
3052.97 1.93509 0.518518
3056.16 0.588891 0.187799
3059.34 1.05327 0.0363653
3062.53 3.04578 0.123573
3065.71 3.26471 1.5766
3068.89 2.41466 0.0582028
3072.08 1.77136 2.45192
3075.26 2.21918 0.0260512
3078.44 0.241351 0.288424
3081.63 1.48549 0.0961285
3084.81 0.821282 0.00905372
3087.99 7.3077 0.620364
3091.18 4.96448 0.572338
3094.36 1.51386 0.104798
3097.54 0.36777 0.563573
3100.73 0.308742 0.00373364
3103.91 4.21264 0.455691
3107.09 0.969781 0.620198
3110.28 1.43989 0.408572
3113.46 3.88199 0.0810573
3116.64 1.67855 0.858255
3119.83 1.72171 0.212056
3123.01 1.73768 0.0802297
3126.2 4.15088 0.910896
3129.38 3.17596 0.482697
3132.56 3.60122 0.0985612
3135.75 3.78358 1.98577
3138.93 3.12105 1.70261
3142.11 3.06173 0.370605
3145.3 0.483891 0.00287933
3148.48 0.651489 0.0725513
3151.66 0.237139 0.718628
3154.85 0.52282 1.70573
3158.03 0.157728 0.212268
3161.21 1.1922 0.789905
3164.4 2.26161 0.282567
3167.58 1.84266 0.575235
3170.76 0.323563 0.114111
3173.95 0.433153 0.0168256
3177.13 0.14294 0.321111
3180.31 0.354848 0.766352
3183.5 0.159866 0.619466
3186.68 1.87726 1.00125
3189.87 5.97449 0.44434
3193.05 5.73233 0.557387
3196.23 0.546446 0.516633
3199.42 0.393219 0.104233
3202.6 1.02073 0.333933
3205.78 1.0958 0.0846595
3208.97 1.46822 0.0153334
3212.15 7.21825 0.371775
3215.33 0.469497 0.386468
3218.52 8.73577 0.021513
3221.7 0.389483 0.24796
3224.88 0.755839 1.14932
3228.07 0.890188 0.187176
3231.25 2.18677 1.03324
3234.43 1.14238 0.508549
3237.62 1.95632 0.000957504
3240.8 1.20555 0.906057
3243.98 3.71168 0.879845
3247.17 0.217875 2.31387
3250.35 1.575 0.552697
3253.53 3.72621 0.316435
3256.72 0.56185 0.163667
3259.9 2.1821 0.696516
3263.09 1.5959 0.8792
3266.27 2.8141 2.20794
3269.45 1.51065 1.62593
3272.64 9.6162 0.850855
3275.82 3.23775 0.176011
3279 1.38823 0.456003
3282.19 0.957932 0.300159
3285.37 0.467154 0.503823
3288.55 0.0482697 1.10267
3291.74 1.09674 0.29857
3294.92 0.758432 0.980309
3298.1 0.083358 0.315236
3301.29 3.16081 0.656502
3304.47 3.91176 0.0165447
3307.65 0.322703 0.543188
3310.84 0.006076 0.707675
3314.02 1.0129 0.402177
3317.2 4.46707 1.14079
3320.39 0.943354 0.8081
3323.57 3.6445 2.0692
3326.76 4.41651 0.733092
3329.94 2.10297 0.301924
3333.12 0.550339 0.252966
3336.31 1.42746 0.207671
3339.49 0.606183 0.525
3342.67 4.26629 0.384772
3345.86 5.21409 0.157131
3349.04 5.07533 0.565719
3352.22 1.94727 2.20672
3355.41 2.99514 0.80812
3358.59 1.16894 0.32111
3361.77 0.963192 0.0269121
3364.96 1.56387 0.162447
3368.14 2.29811 0.843369
3371.32 0.548721 0.660911
3374.51 0.32627 0.157422
3377.69 2.67567 0.739342
3380.87 1.01988 0.0178247
3384.06 0.721273 1.43336
3387.24 9.94609 0.242304
3390.43 1.24398 0.620396
3393.61 1.83356 0.0645642
3396.79 1.55491 0.738755
3399.98 8.8935 0.146985
3403.16 0.350558 0.77257
3406.34 3.51574 0.116226
3409.53 6.80268 1.01839
3412.71 0.818407 0.0281609
3415.89 0.674573 0.691169
3419.08 2.23678 0.509811
3422.26 0.857448 1.1293
3425.44 1.04175 0.749478
3428.63 1.16835 0.335378
3431.81 7.72155 0.00438459
3434.99 5.38303 0.535369
3438.18 0.652487 0.171232
3441.36 0.424431 0.22999
3444.54 2.05583 0.505261
3447.73 1.74299 1.06387
3450.91 2.42191 0.321321
3454.1 0.282314 1.56437
3457.28 0.334158 0.0503337
3460.46 0.305192 0.264041
3463.65 4.44548 0.0082497
3466.83 5.2632 0.771594
3470.01 1.33695 2.18158
3473.2 0.523154 1.48369
3476.38 0.819295 0.506204
3479.56 0.066533 1.1344
3482.75 0.273013 0.464454
3485.93 3.42859 0.466208
3489.11 4.00081 1.87294
3492.3 1.06305 2.05408
3495.48 0.15406 0.630237
3498.66 0.505788 0.37644
3501.85 1.67452 0.0171982
3505.03 3.20004 0.0645991
3508.21 1.91211 0.248992
3511.4 2.07472 0.555476
3514.58 1.51481 0.455018
3517.77 0.550115 1.69763
3520.95 1.19381 0.571722
3524.13 2.53292 1.82464
3527.32 1.81546 0.969495
3530.5 0.587458 0.327779
3533.68 0.720365 0.186346
3536.87 1.32519 0.586687
3540.05 2.33616 0.0063853
3543.23 0.452378 1.96247
3546.42 1.07008 0.0253353
3549.6 4.86612 1.81461
3552.78 15.7101 0.527199
3555.97 0.163804 0.240252
3559.15 3.78316 0.406109
3562.33 0.967776 0.171351
3565.52 3.50748 0.0791231
3568.7 4.18768 1.48653
3571.88 1.30122 0.0451406
3575.07 7.20132 0.193984
3578.25 2.43702 0.899677
3581.44 1.07086 0.29419
3584.62 2.26156 3.16733
3587.8 2.90698 0.606673
3590.99 1.71672 0.234241
3594.17 0.726182 0.134641
3597.35 1.06718 0.715076
3600.54 3.17601 0.45196
3603.72 8.57431 0.751171
3606.9 3.53237 0.0856824
3610.09 2.8215 0.312801
3613.27 3.48565 0.200038
3616.45 0.427005 0.243436
3619.64 1.89652 1.35153
3622.82 0.568459 0.196835
3626 7.76655 0.363449
3629.19 2.07077 1.03133
3632.37 2.73528 0.393866
3635.55 0.853815 0.968847
3638.74 4.55167 0.209153
3641.92 8.40467 0.527844
3645.11 0.831454 0.0322981
3648.29 7.226 0.458698
3651.47 2.50733 0.253599
3654.66 0.654977 0.402166
3657.84 0.193018 0.329542
3661.02 1.14282 1.03448
3664.21 0.926884 0.688039
3667.39 0.650096 0.667799
3670.57 0.598043 0.0799793
3673.76 1.97965 1.36635
3676.94 3.17392 1.44962
3680.12 6.87122 0.581881
3683.31 2.69596 0.49889
3686.49 0.0850278 2.37734
3689.67 2.90616 0.743771
3692.86 0.265143 0.390941
3696.04 1.41664 0.768406
3699.22 2.31387 2.79094
3702.41 1.36317 0.458797
3705.59 0.43067 0.202514
3708.78 2.09335 1.26925
3711.96 0.745756 0.416534
3715.14 6.9773 0.246723
3718.33 0.591675 2.79636
3721.51 3.79704 0.791889
3724.69 0.382868 0.273535
3727.88 0.745372 0.0529305
3731.06 5.8456 0.589166
3734.24 3.67776 1.09294
3737.43 0.872081 0.0918812
3740.61 2.16004 0.334605
3743.79 5.8629 0.0434226
3746.98 2.93883 0.393629
3750.16 1.34476 1.25579
3753.34 2.05622 1.55115
3756.53 1.1952 0.358551
3759.71 3.21003 0.206904
3762.89 5.61812 0.191586
3766.08 4.1443 0.390715
3769.26 1.12435 3.32813
3772.45 3.1168 0.261638
3775.63 1.47962 0.268817
3778.81 0.574241 0.267594
3782 0.765281 0.212797
3785.18 0.270067 1.73454
3788.36 0.0219165 0.436319
3791.55 0.559148 0.0788719
3794.73 4.80108 0.0754986
3797.91 2.27285 0.0917979
3801.1 0.812729 0.28841
3804.28 1.84938 0.184018
3807.46 0.662569 1.00081
3810.65 1.0108 0.832601
3813.83 1.99467 0.409884
3817.01 0.584215 0.125248
3820.2 1.10988 0.805004
3823.38 8.3445 1.30654
3826.56 0.0286041 0.0192694
3829.75 1.46177 0.563676
3832.93 0.407883 0.0141065
3836.12 1.40356 0.137483
3839.3 0.98298 0.531295
3842.48 3.56044 0.894634
3845.67 1.99318 0.313482
3848.85 0.0670442 0.170883
3852.03 2.64299 0.145383
3855.22 0.123705 0.194955
3858.4 1.11807 0.260696
3861.58 1.28611 0.119833
3864.77 0.726133 0.0379847
3867.95 3.84539 0.00331541
3871.13 0.599614 1.8033
3874.32 1.74926 1.62947
3877.5 0.281053 0.266706
3880.68 2.94335 0.210805
3883.87 4.84007 0.0610278
3887.05 5.08593 0.0180287
3890.23 0.889043 0.689675
3893.42 6.4858 0.09747
3896.6 2.40329 0.761805
3899.79 3.00891 0.527172
3902.97 3.3952 0.550481
3906.15 3.70744 1.21307
3909.34 1.73698 0.515656
3912.52 0.226115 1.25375
3915.7 0.343665 0.0492484
3918.89 5.68569 0.319533
3922.07 0.882558 0.0160463
3925.25 0.0174784 1.26037
3928.44 0.45711 0.0103059
3931.62 1.88471 2.31215
3934.8 3.20987 0.105318
3937.99 0.302824 2.042
3941.17 0.82664 0.0149535
3944.35 0.0655281 0.189827
3947.54 0.190422 0.309411
3950.72 0.417568 0.0103125
3953.9 1.5283 0.429485
3957.09 1.19715 0.33052
3960.27 0.577621 0.812899
3963.46 1.98934 0.286855
3966.64 4.91091 0.711701
3969.82 4.68474 0.967949
3973.01 6.12552 0.665632
3976.19 0.931771 0.72708
3979.37 0.958041 0.127597
3982.56 0.680543 1.14359
3985.74 1.28781 0.851746
3988.92 2.2296 1.86234
3992.11 0.861035 0.100539
3995.29 1.6712 0.17901
3998.47 1.944 0.79255
4001.66 4.46673 0.146298
4004.84 2.43512 1.88198
4008.02 0.227211 0.628819
4011.21 6.97895 0.200075
4014.39 0.725975 0.22562
4017.57 6.49181 1.39321
4020.76 0.69594 0.371536
4023.94 0.487115 1.6789
4027.12 3.62949 0.483846
4030.31 2.11173 0.127324
4033.49 2.2866 0.651152
4036.68 3.13803 1.2223
4039.86 2.81762 0.866003
4043.04 1.90453 1.07722
4046.23 1.63685 0.689825
4049.41 0.406077 0.117657
4052.59 2.05005 0.24789
4055.78 0.804977 1.26517
4058.96 1.24902 0.073394
4062.14 2.84733 0.261444
4065.33 2.09842 1.2916
4068.51 1.4608 0.26427
4071.69 1.90159 2.57549
4074.88 6.74579 0.381756
4078.06 0.410259 0.722791
4081.24 3.50481 0.170578
4084.43 0.00990034 0.416701
4087.61 6.81973 0.0563507
4090.79 0.766887 0.181652
4093.98 0.572709 0.363506
4097.16 0.538639 1.73223
4100.35 1.40823 1.28523
4103.53 9.80605 0.425122
4106.71 1.08543 0.273322
4109.9 0.539775 0.331515
4113.08 1.21553 0.761247
4116.26 0.911538 0.458343
4119.45 5.15757 0.233968
4122.63 3.46935 0.307006
4125.81 0.653356 0.0653891
4129 0.616339 0.0610889
4132.18 0.881563 0.0383039
4135.36 2.88355 0.201027
4138.55 0.246095 0.919033
4141.73 0.652253 0.0946578
4144.91 2.69133 0.943734
4148.1 2.05603 0.0580913
4151.28 2.40878 0.755319
4154.46 1.61759 0.42562
4157.65 0.269137 2.01344
4160.83 0.751653 0.49086
4164.02 0.356025 1.11952
4167.2 1.28519 0.0583595
4170.38 6.22985 1.23329
4173.57 0.65986 0.00867186
4176.75 4.69063 3.2879
4179.93 0.386551 0.576205
4183.12 0.163779 1.00786
4186.3 0.0358397 0.536747
4189.48 0.96119 1.12414
4192.67 1.75777 0.89447
4195.85 9.40037 0.648697
4199.03 1.4586 0.465268
4202.22 0.229742 0.316099
4205.4 1.83638 0.701358
4208.58 5.63042 0.951588
4211.77 0.163763 0.526663
4214.95 1.8477 0.467283
4218.13 0.0964286 0.804391
4221.32 8.40804 1.99488
4224.5 4.75462 0.0427544
4227.69 5.87107 3.49483
4230.87 2.79621 0.224871
4234.05 1.39493 1.5795
4237.24 2.31908 0.421175
4240.42 0.90928 0.229524
4243.6 1.16703 0.326423
4246.79 0.401208 0.641325
4249.97 4.0344 0.922456
4253.15 1.19683 0.425897
4256.34 2.73717 0.356392
4259.52 1.5335 0.945105
4262.7 0.95279 1.84643
4265.89 6.0035 0.520615
4269.07 2.06675 0.671519
4272.25 1.49687 0.2041
4275.44 1.11938 1.50065
4278.62 0.518926 0.136409
4281.8 3.91264 0.821695
4284.99 0.566976 0.341902
4288.17 5.44988 0.377663
4291.36 2.52578 0.00357388
4294.54 6.14132 0.247115
4297.72 0.357778 0.897554
4300.91 2.43161 0.103228
4304.09 1.64656 0.804569
4307.27 0.29398 2.43782
4310.46 0.757763 0.0879126
4313.64 4.48371 0.552896
4316.82 6.22539 0.473601
4320.01 1.57066 0.0829757
4323.19 0.241004 0.100425
4326.37 0.96705 0.539286
4329.56 1.54081 0.15885
4332.74 12.9159 0.39474
4335.92 1.92502 0.976394
4339.11 0.362861 0.852197
4342.29 0.679468 0.45553
4345.47 2.48725 0.117402
4348.66 0.435071 0.56355
4351.84 2.16857 0.848238
4355.03 5.06012 1.7559
4358.21 0.369801 0.245795
4361.39 0.270881 0.340011
4364.58 3.0505 0.0595524
4367.76 0.256451 1.0848
4370.94 0.312751 0.138685
4374.13 0.502752 1.40908
4377.31 14.2245 0.118705
4380.49 2.31299 0.221936
4383.68 2.00523 0.371668
4386.86 4.30589 1.56876
4390.04 0.323204 0.0573362
4393.23 7.16872 1.40784
4396.41 0.229749 0.0979397
4399.59 2.14312 0.462825
4402.78 5.1265 0.554349
4405.96 0.676317 0.163377
4409.14 0.997977 0.20689
4412.33 1.99879 1.27077
4415.51 0.319337 0.197594
4418.7 0.083046 0.191824
4421.88 2.74014 0.884803
4425.06 0.782067 0.0716168
4428.25 3.44528 0.0804539
4431.43 1.22194 1.28136
4434.61 4.53849 0.600634
4437.8 0.529367 0.0889085
4440.98 2.87532 1.16291
4444.16 1.47114 0.840674
4447.35 0.102324 1.20891
4450.53 2.21177 0.218907
4453.71 9.27856 0.0133584
4456.9 2.27869 1.17107
4460.08 0.00705438 0.341847
4463.26 1.15137 0.00303881
4466.45 2.84311 2.34315
4469.63 3.51084 0.18596
4472.81 7.39953 0.275047
4476 4.76074 0.0994965
4479.18 0.751536 2.60534
4482.37 3.26451 0.729284
4485.55 4.25267 0.0665527
4488.73 0.583087 0.481202
4491.92 5.62907 1.02315
4495.1 1.71035 0.160244
4498.28 4.70662 0.945774
4501.47 3.207 0.725344
4504.65 0.0919887 1.9954
4507.83 4.14368 0.264361
4511.02 2.97976 0.642925
4514.2 1.80473 0.0779827
4517.38 0.817552 5.92979
4520.57 0.812363 0.215523
4523.75 1.85508 0.367145
4526.93 0.627427 0.725403
4530.12 4.32136 0.155637
4533.3 3.24654 1.50449
4536.48 1.4069 0.703976
4539.67 1.53981 0.205686
4542.85 10.5381 0.257209
4546.04 0.44825 0.295192
4549.22 0.201621 0.837106
4552.4 2.68134 1.01915
4555.59 2.63413 0.386683
4558.77 1.53132 0.221812
4561.95 2.03524 0.272926
4565.14 0.731359 0.192638
4568.32 0.487646 0.938601
4571.5 0.199967 0.241036
4574.69 0.603449 0.167779
4577.87 1.96886 0.252104
4581.05 0.0160905 0.02264
4584.24 0.576519 0.518292
4587.42 0.471882 0.601249
4590.6 0.204529 1.44199
4593.79 0.593906 0.0420901
4596.97 0.301206 2.09564
4600.15 3.34634 0.797912
4603.34 3.40471 0.514922
4606.52 0.203161 2.10821
4609.71 5.8651 0.566144
4612.89 4.00943 0.34573
4616.07 5.55815 1.64745
4619.26 4.92558 0.0253915
4622.44 3.34896 0.937362
4625.62 2.62842 1.9648
4628.81 1.05593 1.45517
4631.99 3.34892 0.385475
4635.17 0.674625 0.074286
4638.36 0.765557 0.813509
4641.54 11.0436 0.0862445
4644.72 1.89634 1.16858
4647.91 3.80781 0.111746
4651.09 0.30078 2.04313
4654.27 0.353012 1.52716
4657.46 1.00585 0.533517
4660.64 2.92985 0.498959
4663.82 4.12024 0.100105
4667.01 2.36962 0.410033
4670.19 1.91825 0.0259875
4673.38 1.86381 1.1459
4676.56 5.86 1.05158
4679.74 5.25215 0.855112
4682.93 1.0039 0.137556
4686.11 4.53634 0.503349
4689.29 0.368616 0.980527
4692.48 8.79911 0.254939
4695.66 2.1011 0.0511878
4698.84 2.57642 1.91595
4702.03 4.57974 0.398339
4705.21 6.46256 0.0208231
4708.39 0.705131 1.21355
4711.58 1.11861 1.25135
4714.76 0.0521149 0.163054
4717.94 1.2558 0.426188
4721.13 6.19467 0.0232559
4724.31 0.0856273 0.0344445
4727.49 0.368864 0.0868733
4730.68 0.883564 0.259426
4733.86 0.0103716 0.272519
4737.05 2.18403 0.0590049
4740.23 3.7908 0.382604
4743.41 2.05993 0.361452
4746.6 3.20007 0.468051
4749.78 3.11071 0.322063
4752.96 0.0324592 0.160172
4756.15 2.76616 0.420342
4759.33 3.16306 0.89327
4762.51 0.971099 0.0516574
4765.7 4.75864 0.203211
4768.88 0.0214167 0.201222
4772.06 0.365662 0.47397
4775.25 4.10171 1.00774
4778.43 0.755318 0.320623
4781.61 0.223242 0.904628
4784.8 1.15864 1.01704
4787.98 1.54199 1.05752
4791.16 0.179039 0.134014
4794.35 0.178063 0.0730922
4797.53 1.13377 0.220872
4800.72 0.82073 0.227135
4803.9 4.09418 0.4168
4807.08 0.303203 0.567715
4810.27 0.321699 1.87619
4813.45 2.07149 0.71744
4816.63 7.89768 1.83343
4819.82 2.49151 0.0961041
4823 1.22848 0.99531
4826.18 0.130794 0.407515
4829.37 3.17994 0.0434058
4832.55 4.75255 0.0970712
4835.73 2.5571 0.132044
4838.92 1.53554 0.2159
4842.1 2.06611 0.517456
4845.28 1.36201 1.07558
4848.47 11.244 0.181107
4851.65 0.709491 0.390301
4854.83 0.650262 0.101609
4858.02 0.737525 0.179868
4861.2 3.68194 0.793587
4864.38 4.94242 0.891968
4867.57 2.93102 0.539414
4870.75 3.58296 0.320888
4873.94 1.09457 0.0871842
4877.12 10.0348 1.09398
4880.3 1.0118 0.91812
4883.49 0.740879 0.919717
4886.67 0.0172571 0.825988
4889.85 2.4491 0.0557681
4893.04 1.42502 0.363443
4896.22 5.47805 1.336
4899.4 3.85134 0.0239473
4902.59 3.99879 0.33152
4905.77 1.83744 0.963217
4908.95 3.98378 1.09592
4912.14 0.739716 0.25107
4915.32 0.986413 0.0341685
4918.5 1.52967 1.54103
4921.69 0.0932682 1.1151
4924.87 0.884036 0.6556
4928.05 2.00759 0.972263
4931.24 0.344573 0.933579
4934.42 1.26371 0.306016
4937.61 7.7167 0.144754
4940.79 1.48949 0.171399
4943.97 0.941154 0.710479
4947.16 0.262417 0.506992
4950.34 0.114939 2.08319
4953.52 2.42211 0.190799
4956.71 0.685862 0.16455
4959.89 1.63133 0.255279
4963.07 1.08595 0.0292752
4966.26 0.280093 1.04675
4969.44 0.849889 1.49726
4972.62 0.391388 0.037956
4975.81 3.44937 0.502822
4978.99 8.46074 0.24437
4982.17 4.80005 0.0295632
4985.36 0.989925 0.107479
4988.54 0.912477 0.825468
4991.72 1.13161 0.106651
4994.91 3.80103 0.66649
4998.09 0.234059 2.08023
5001.28 0.331726 0.0504686
5004.46 5.58666 0.106165
5007.64 1.86948 1.28243
5010.83 0.385817 0.23005
5014.01 0.0780683 1.17479
5017.19 4.11308 0.500949
5020.38 9.10838 0.215111
5023.56 5.07625 0.167495
5026.74 1.09969 0.319588
5029.93 4.02962 0.582809
5033.11 1.42552 0.623848
5036.29 2.63476 0.105483
5039.48 0.214031 0.127303
5042.66 0.929874 1.09316
5045.84 1.09898 0.306539
5049.03 12.341 0.993916
5052.21 0.882994 0.543313
5055.39 0.276633 0.388377
5058.58 1.8354 0.372414
5061.76 1.33414 0.340718
5064.95 0.703964 0.0877396
5068.13 0.00392394 0.164331
5071.31 10.1122 0.757332
5074.5 1.42884 0.0574665
5077.68 1.68237 0.0495316
5080.86 0.975505 0.260871
5084.05 1.60878 0.541799
5087.23 4.53934 0.763462
5090.41 1.31471 1.80825
5093.6 0.555097 0.517268
5096.78 0.748314 1.20508
5099.96 3.00174 0.951832
5103.15 4.75588 0.217936
5106.33 1.20682 0.141373
5109.51 2.09276 0.520058
5112.7 2.88641 0.341817
5115.88 0.453673 0.081551
5119.06 0.498195 0.323354
5122.25 0.30896 0.442778
5125.43 0.476603 0.863143
5128.62 0.00714369 0.0217112
5131.8 2.89422 1.36204
5134.98 1.96435 0.113469
5138.17 3.51253 0.110515
5141.35 0.490888 0.783416
5144.53 2.0077 0.156702
5147.72 2.2375 0.928906
5150.9 5.23229 0.0190756
5154.08 2.88211 1.9107
5157.27 0.880683 0.480988
5160.45 0.669156 0.0243578
5163.63 0.481241 2.0558
5166.82 5.17778 0.825526
5170 2.10963 0.38845
5173.18 0.533646 1.62723
5176.37 2.5721 0.837786
5179.55 4.03542 2.49252
5182.73 1.53542 2.17879
5185.92 0.456379 0.208194
5189.1 3.23845 0.787111
5192.29 0.264875 1.19731
5195.47 0.376834 2.10216
5198.65 0.205092 0.122874
5201.84 2.60623 0.0285937
5205.02 3.00993 1.72799
5208.2 1.68529 0.0955717
5211.39 1.871 0.408841
5214.57 0.0143854 0.593183
5217.75 2.25636 0.398266
5220.94 5.52837 0.797743
5224.12 1.36011 0.00104361
5227.3 2.40535 0.271214
5230.49 0.815185 0.289722
5233.67 0.803807 1.51719
5236.85 8.27151 0.735223
5240.04 1.10268 0.350177
5243.22 1.96081 0.201566
5246.4 6.61117 1.3927
5249.59 0.940691 0.208877
5252.77 6.76479 0.259462
5255.96 0.611247 0.19736
5259.14 2.6648 0.417374
5262.32 1.98996 0.578408
5265.51 0.292214 0.688233
5268.69 0.0996038 0.232069
5271.87 0.901881 0.687334
5275.06 4.18282 1.99623
5278.24 0.0474593 2.33723
5281.42 1.8153 0.396726
5284.61 1.89217 0.0061398
5287.79 0.520405 0.309691
5290.97 0.203404 1.3056
5294.16 0.230188 0.341965
5297.34 1.57321 0.5715
5300.52 0.159718 0.705252
5303.71 1.09572 1.27803
5306.89 2.80486 0.274703
5310.07 3.25371 0.185363
5313.26 0.232246 2.92359
5316.44 0.549384 0.273812
5319.63 0.332851 2.04099
5322.81 4.28661 0.208358
5325.99 2.8145 0.403917
5329.18 0.00200933 2.5885
5332.36 1.73393 0.259827
5335.54 2.42284 0.00493259
5338.73 0.753332 1.64988
5341.91 2.25692 0.0638675
5345.09 5.45564 0.788831
5348.28 0.468081 0.21914
5351.46 0.973886 1.23626
5354.64 0.0312021 0.495873
5357.83 2.71802 0.7822
5361.01 3.18845 0.870075
5364.19 6.53883 0.2806
5367.38 0.0911107 0.0472988
5370.56 0.831466 0.060726
5373.74 0.317563 0.469195
5376.93 0.852553 0.628642
5380.11 0.30269 0.757778
5383.3 8.84545 0.473813
5386.48 0.299044 0.998642
5389.66 2.44839 0.468448
5392.85 0.774437 0.054533
5396.03 4.126 1.18028
5399.21 1.27275 1.70512
5402.4 1.34947 0.0607559
5405.58 2.38004 0.0571972
5408.76 1.38547 0.178028
5411.95 1.10951 1.0008
5415.13 3.239 0.411078
5418.31 1.40568 0.413055
5421.5 1.68068 0.216093
5424.68 4.06686 0.344799
5427.86 6.20684 0.0124196
5431.05 0.23114 1.18131
5434.23 0.463118 0.823461
5437.41 1.57801 0.0164167
5440.6 0.493823 0.38599
5443.78 0.129014 0.291319
5446.97 0.96625 0.507993
5450.15 2.64956 0.805111
5453.33 0.0477494 0.120681
5456.52 0.915459 0.471251
5459.7 3.55459 1.8605
5462.88 0.428164 0.2553
5466.07 4.07873 0.692991
5469.25 0.976319 0.770309
5472.43 3.36841 1.18916
5475.62 1.3164 0.227795
5478.8 0.591061 0.245388
5481.98 2.52642 0.203636
5485.17 2.96636 0.214633
5488.35 0.182611 0.370694
5491.53 3.44936 0.232668
5494.72 1.53677 0.845881
5497.9 5.73881 0.546664
5501.08 0.397411 1.07926
5504.27 7.00538 0.00286787
5507.45 0.91449 1.5191
5510.64 2.55154 0.420078
5513.82 1.45343 0.209096
5517 1.02548 0.933524
5520.19 0.287308 0.448064
5523.37 3.1608 0.367968
5526.55 1.77455 0.408463
5529.74 0.408892 1.54347
5532.92 2.65363 0.132507
5536.1 4.99833 1.02012
5539.29 0.95869 0.334234
5542.47 5.73479 2.23123
5545.65 2.56511 1.14399
5548.84 2.08697 1.66911
5552.02 3.09023 0.241516
5555.2 14.0863 0.284591
5558.39 2.0868 0.762869
5561.57 0.00666838 0.623819
5564.75 1.98104 0.0228609
5567.94 1.00208 0.372689
5571.12 1.59443 0.275399
5574.31 2.10852 0.601301
5577.49 4.79943 2.13246
5580.67 1.2946 0.644132
5583.86 0.141771 0.161956
5587.04 0.603496 0.861878
5590.22 2.03542 2.91045
5593.41 4.22608 1.54182
5596.59 0.510039 0.100724
5599.77 0.45407 0.323192
5602.96 0.483383 0.336113
5606.14 2.34939 0.501048
5609.32 1.07287 0.759405
5612.51 0.785173 0.0737877
5615.69 0.502279 0.245368
5618.87 0.602254 0.329697
5622.06 1.48516 0.103202
5625.24 0.573931 0.128248
5628.42 3.56378 0.014897
5631.61 2.64222 0.968479
5634.79 1.21755 0.15504
5637.97 3.60163 0.625712
5641.16 0.419894 0.112985
5644.34 0.637597 0.0914811
5647.53 0.407045 0.95095
5650.71 0.472294 0.224918
5653.89 1.92934 0.235801
5657.08 3.74496 0.715163
5660.26 3.1655 0.236116
5663.44 0.267042 1.46615
5666.63 1.80984 0.0666382
5669.81 2.5065 0.59296
5672.99 1.3742 1.05616
5676.18 0.223913 0.513833
5679.36 6.09927 0.717169
5682.54 1.23144 0.17269
5685.73 3.37504 0.885213
5688.91 1.26086 0.575552
5692.09 0.0296105 0.0628617
5695.28 7.7672 0.657622
5698.46 1.14378 0.0920116
5701.64 2.87118 1.25557
5704.83 2.63224 0.0294529
5708.01 5.91556 0.172753
5711.2 0.241698 0.626716
5714.38 0.168299 0.0104645
5717.56 2.5404 0.601914
5720.75 5.02152 0.565677
5723.93 0.904058 0.246336
5727.11 4.23065 0.0741112
5730.3 1.87807 2.18438
5733.48 2.41086 0.178612
5736.66 2.54871 1.02244
5739.85 10.2755 0.371728
5743.03 1.40765 0.906705
5746.21 0.684219 0.648314
5749.4 2.02149 0.747263
5752.58 4.04317 0.284524
5755.76 0.648082 0.166278
5758.95 0.291754 0.419888
5762.13 3.19283 1.994
5765.31 2.6115 0.0324023
5768.5 3.8602 0.187913
5771.68 2.65792 1.06425
5774.87 3.73724 0.0663942
5778.05 3.30154 0.782404
5781.23 0.0884064 0.00493976
5784.42 6.01963 0.731822
5787.6 4.2383 0.515876
5790.78 2.47926 0.357867
5793.97 1.85591 0.216235
5797.15 2.28768 0.346052
5800.33 3.21053 0.268368
5803.52 0.273577 2.16818
5806.7 3.59111 0.106206
5809.88 0.0914362 1.06738
5813.07 4.37369 0.898163
5816.25 5.60453 0.0442447
5819.43 0.744981 0.391228
5822.62 1.90825 1.37102
5825.8 2.13079 0.0603339
5828.98 2.15788 0.460597
5832.17 0.601328 0.209632
5835.35 4.90357 0.592001
5838.54 2.85194 0.130796
5841.72 1.61172 0.403416
5844.9 1.09393 0.905298
5848.09 4.78114 0.289458
5851.27 4.09759 0.00109269
5854.45 0.448118 0.624141
5857.64 1.58352 0.381633
5860.82 1.00176 0.0177276
5864 1.22985 0.28298
5867.19 2.16594 0.0551954
5870.37 0.201937 0.146101
5873.55 1.40913 1.59043
5876.74 0.867869 0.171355
5879.92 0.570703 1.79975
5883.1 1.1764 0.281517
5886.29 0.887026 0.0942265
5889.47 1.42119 0.328736
5892.65 0.933004 0.516651
5895.84 2.38331 0.24474
5899.02 4.99742 0.69907
5902.21 4.39917 0.669769
5905.39 3.56752 0.614868
5908.57 0.155279 0.457406
5911.76 1.87419 0.276738
5914.94 0.161603 0.307947
5918.12 3.45606 0.233067
5921.31 2.82061 0.236295
5924.49 0.876778 0.0588218
5927.67 2.22274 0.172243
5930.86 1.67729 0.258674
5934.04 2.39929 0.788946
5937.22 0.407058 0.0783149
5940.41 10.3577 0.118813
5943.59 1.34504 0.106968
5946.77 1.29542 0.70954
5949.96 0.674321 0.00313174
5953.14 0.05362 0.245402
5956.32 2.84823 0.0199313
5959.51 0.909281 0.0118832
5962.69 10.1583 0.12419
5965.88 1.87919 0.194663
5969.06 0.109761 1.59809
5972.24 0.0782735 1.32782
5975.43 0.221327 1.06259
5978.61 0.745838 0.301698
5981.79 1.55196 0.244858
5984.98 1.09347 3.27406
5988.16 1.42946 0.155743
5991.34 6.41805 0.251548
5994.53 3.70498 1.13754
5997.71 2.2816 0.51153
6000.89 0.481795 0.132033
6004.08 4.18393 0.66796
6007.26 0.669948 0.112075
6010.44 3.83917 0.343737
6013.63 1.57852 0.483067
6016.81 4.40361 0.459501
6019.99 2.15293 1.38121
6023.18 10.3851 0.56548
6026.36 1.70717 0.596579
6029.55 0.674481 1.88143
6032.73 0.15865 0.560988
6035.91 2.07923 1.18603
6039.1 3.84384 0.169128
6042.28 4.0645 0.0245901
6045.46 1.08611 0.367348
6048.65 3.1669 0.375838
6051.83 4.63472 0.154133
6055.01 0.222239 0.244039
6058.2 0.0348152 0.983415
6061.38 3.94678 0.0412299
6064.56 2.10392 0.0291367
6067.75 0.417379 0.704899
6070.93 1.96948 0.981366
6074.11 0.513368 0.114163
6077.3 1.91312 1.21358
6080.48 2.67417 0.356134
6083.66 2.13366 0.0320593
6086.85 1.7195 0.466014
6090.03 1.96581 0.19563
6093.22 0.684083 0.128399
6096.4 0.700099 0.635909
6099.58 0.0985039 0.653418
6102.77 3.50534 0.32309
6105.95 3.68423 0.38899
6109.13 4.30098 0.523633
6112.32 2.2205 1.75679
6115.5 1.3207 0.303409
6118.68 2.34946 1.26195
6121.87 3.15943 0.894886
6125.05 3.66755 0.488131
6128.23 0.932839 0.0764854
6131.42 1.44563 0.142636
6134.6 0.767853 0.448051
6137.78 0.0119069 0.406673
6140.97 2.30373 4.34736e-05
6144.15 1.89057 0.32229
6147.33 3.119 0.411473
6150.52 3.79193 0.210511
6153.7 2.05172 0.222373
6156.89 1.74302 0.863276
6160.07 0.557707 0.851925
6163.25 0.549022 0.525147
6166.44 4.27664 0.14751
6169.62 2.29257 0.828026
6172.8 2.435 0.171048
6175.99 3.44907 0.599428
6179.17 0.808068 0.586917
6182.35 0.0421787 0.891407
6185.54 0.880068 1.1963
6188.72 1.74659 0.568954
6191.9 0.388261 0.0168015
6195.09 0.844903 0.0394901
6198.27 1.33078 1.13622
6201.45 4.70448 0.675342
6204.64 3.74592 0.182249
6207.82 6.03964 1.10972
6211 2.89702 0.495769
6214.19 3.48861 0.0794259
6217.37 0.789255 0.240603
6220.56 4.80891 0.551175
6223.74 3.70177 0.878517
6226.92 1.56972 0.235635
6230.11 0.787071 0.554189
6233.29 3.11905 0.347327
6236.47 0.479551 0.599592
6239.66 4.30958 0.666227
6242.84 1.61253 0.192859
6246.02 2.2284 0.124886
6249.21 0.573107 0.00928503
6252.39 6.5854 0.406796
6255.57 0.244722 0.0731397
6258.76 0.263633 0.243684
6261.94 0.394486 0.724131
6265.12 5.27112 1.0687
6268.31 0.88665 0.017094
6271.49 0.321693 0.0533005
6274.67 1.67559 2.52604
6277.86 1.44675 0.16187
6281.04 0.928004 0.338499
6284.23 0.347122 0.0204178
6287.41 1.28431 0.0747381
6290.59 2.06145 0.321221
6293.78 0.315123 0.200494
6296.96 4.33191 0.736111
6300.14 9.44967 0.228581
6303.33 3.84858 0.466705
6306.51 3.0858 1.68113
6309.69 0.292997 0.115362
6312.88 0.938673 0.0655858
6316.06 1.67679 0.366707
6319.24 0.665195 0.0227526
6322.43 0.97585 0.192428
6325.61 1.73529 0.418096
6328.79 8.5549 0.0572921
6331.98 0.00178847 0.79207
6335.16 4.81885 0.0768754
6338.34 0.04344 0.339556
6341.53 4.4323 0.490055
6344.71 4.00981 0.0247095
6347.9 0.158062 0.0173493
6351.08 7.3883 0.283291
6354.26 1.04374 0.292138
6357.45 9.76583 0.124783
6360.63 1.75432 0.0766345
6363.81 1.41384 0.342424
6367 3.27475 1.6201
6370.18 0.304189 0.207731
6373.36 2.26705 0.0886926
6376.55 4.81865 0.0328108
6379.73 0.0346229 0.0727255
6382.91 1.92516 0.615653
6386.1 1.05443 0.130251
6389.28 2.30324 1.76725
6392.46 4.55182 0.574352
6395.65 2.24379 0.1412
6398.83 3.66807 1.21183
6402.01 0.722603 0.426021
6405.2 0.639725 0.682069
6408.38 2.10991 0.492267
6411.57 3.87018 2.30146
6414.75 4.92703 0.2239
6417.93 1.60611 0.561444
6421.12 3.71193 0.217264
6424.3 5.65004 0.0490427
6427.48 0.656005 0.42276
6430.67 0.270405 0.0340213
6433.85 1.27221 0.804783
6437.03 0.904691 0.186074
6440.22 1.9419 0.0979626
6443.4 1.39909 0.166291
6446.58 0.0162762 0.107725
6449.77 1.86321 1.21366
6452.95 7.37975 0.187045
6456.13 0.382095 0.0315523
6459.32 0.932227 1.10543
6462.5 0.292793 0.961533
6465.68 5.86041 0.406447
6468.87 3.64789 0.68328
6472.05 0.83182 0.629313
6475.23 7.3663 0.312063
6478.42 0.390638 0.959405
6481.6 1.23265 1.08712
6484.79 4.91911 0.559649
6487.97 0.50751 0.65592
6491.15 3.41513 0.332689
6494.34 0.601963 0.0592919
6497.52 3.74908 0.523956
6500.7 0.475997 0.356745
6503.89 0.61517 0.00684092
6507.07 2.86139 0.587379
6510.25 0.440113 0.630565
6513.44 6.10628 1.0337
6516.62 1.4526 0.052447
6519.8 3.25796 0.155298
6522.99 0.505125 0.229894
6526.17 0.693126 0.338361
6529.35 0.797924 0.14576
6532.54 2.10587 0.934062
6535.72 5.65493 0.568711
6538.9 1.00287 0.55588
6542.09 2.05436 0.155638
6545.27 0.686288 0.892473
6548.46 0.959677 0.099322
6551.64 0.55948 0.711771
6554.82 0.762316 1.11462
6558.01 2.92176 0.402134
6561.19 5.36748 0.757423
6564.37 4.81596 0.0600038
6567.56 3.25823 2.18756
6570.74 0.323769 0.746084
6573.92 2.65046 0.0830468
6577.11 3.66103 0.216114
6580.29 1.02769 1.14886
6583.47 1.2486 0.255753
6586.66 0.00421589 0.116105
6589.84 0.557053 1.27839
6593.02 0.198365 0.635001
6596.21 0.46355 0.00929659
6599.39 2.28355 0.50934
6602.57 0.789614 0.44366
6605.76 1.32807 0.76836
6608.94 1.06889 0.401251
6612.13 0.194109 0.158647
6615.31 0.429226 0.681112
6618.49 1.9468 0.504134
6621.68 2.00137 0.210546
6624.86 0.649396 0.191263
6628.04 9.93367 0.242147
6631.23 0.738829 0.156323
6634.41 1.14619 0.794552
6637.59 2.58762 0.158822
6640.78 6.86104 0.308198
6643.96 0.862268 0.738699
6647.14 0.783623 0.49978
6650.33 3.94274 1.97124
6653.51 7.35278 0.200589
6656.69 4.29569 0.760132
6659.88 1.6798 0.796302
6663.06 0.0584017 0.316632
6666.24 1.02731 0.442947
6669.43 5.03002 0.602407
6672.61 0.567735 1.15334
6675.8 1.29823 0.0960542
6678.98 0.906922 0.750514
6682.16 0.935974 0.0725873
6685.35 4.34494 0.340331
6688.53 0.735024 0.524134
6691.71 1.21233 0.161164
6694.9 0.53086 0.143999
6698.08 0.0650714 2.32256
6701.26 0.0624319 1.00404
6704.45 7.94643 0.957627
6707.63 0.762836 0.436672
6710.81 0.294761 0.105203
6714 1.31654 0.235446
6717.18 1.83965 0.340894
6720.36 0.934191 0.869562
6723.55 6.14455 0.607639
6726.73 2.00938 0.126762
6729.91 0.00787008 0.694076
6733.1 1.69027 0.845977
6736.28 2.83463 1.28323
6739.47 0.97242 0.195883
6742.65 0.601404 0.53789
6745.83 8.06779 1.43044
6749.02 0.30711 0.0634412
6752.2 0.276791 2.01928
6755.38 0.907813 0.485328
6758.57 1.85552 0.970545
6761.75 0.334735 1.10427
6764.93 3.15036 0.0213266
6768.12 0.653205 0.0170605
6771.3 3.77113 0.548895
6774.48 2.26516 1.56938
6777.67 0.378209 1.11692
6780.85 3.67666 0.659659
6784.03 1.89398 0.772502
6787.22 2.39507 0.606475
6790.4 6.75861 1.43823
6793.58 0.167821 0.238398
6796.77 1.83311 0.0356379
6799.95 0.102555 0.410185
6803.14 1.50381 0.459622
6806.32 1.88744 0.484077
6809.5 0.670842 0.0911725
6812.69 0.797898 0.598376
6815.87 0.762425 0.321689
6819.05 1.96472 0.395444
6822.24 0.0178305 0.093465
6825.42 3.57528 0.0495378
6828.6 0.262314 1.12016
6831.79 2.50606 0.645041
6834.97 4.15975 1.23054
6838.15 2.4593 0.711372
6841.34 0.670434 0.468464
6844.52 0.84164 2.06254
6847.7 3.0328 0.451862
6850.89 2.4157 0.0185872
6854.07 5.21535 2.45438
6857.25 5.20866 0.0451139
6860.44 0.191956 0.226606
6863.62 0.552573 0.00232439
6866.81 2.5267 0.379321
6869.99 4.04538 1.29326
6873.17 0.694582 0.5918
6876.36 2.48945 0.216889
6879.54 0.497102 0.473003
6882.72 2.2623 0.355286
6885.91 2.53942 0.937914
6889.09 2.23393 1.39059
6892.27 2.75115 1.60026
6895.46 1.48784 0.0768648
6898.64 16.0285 0.187118
6901.82 3.66992 0.632142
6905.01 0.0259731 0.324303
6908.19 2.05844 0.314374
6911.37 1.34177 0.072205
6914.56 0.0634961 0.418814
6917.74 1.68873 0.462433
6920.92 2.08075 2.14778
6924.11 1.99609 0.516618
6927.29 0.905719 0.0260735
6930.48 0.911911 0.319107
6933.66 0.554139 0.125879
6936.84 2.96476 0.0229724
6940.03 1.59093 0.661468
6943.21 0.898114 0.185145
6946.39 2.26256 0.52862
6949.58 4.89169 0.815261
6952.76 0.253607 0.210289
6955.94 1.01724 0.329659
6959.13 1.70961 0.573382
6962.31 0.119937 0.00829267
6965.49 0.0862695 0.0576878
6968.68 0.659815 0.448557
6971.86 1.59182 1.65762
6975.04 1.27671 0.75092
6978.23 0.0457719 0.174508
6981.41 0.233936 0.076451
6984.59 3.99188 0.131437
6987.78 0.00977143 0.459366
6990.96 0.315982 0.967299
6994.15 5.76321 0.698626
6997.33 2.20949 0.0266503
7000.51 0.840319 0.414907
7003.7 4.49776 0.0026908
7006.88 0.250917 0.178553
7010.06 6.21442 0.420065
7013.25 0.538551 0.0179294
7016.43 1.12804 0.531672
7019.61 0.24848 0.0094986
7022.8 1.72428 1.08618
7025.98 4.94252 0.0796988
7029.16 0.313268 0.567158
7032.35 0.207647 0.0156248
7035.53 1.65333 0.0197327
7038.71 0.308078 0.103733
7041.9 3.06464 0.86019
7045.08 3.33723 0.0965532
7048.26 0.112256 0.0905521
7051.45 1.88118 0.401361
7054.63 0.216098 0.0233168
7057.82 2.40146 0.100207
7061 0.514228 0.236752
7064.18 4.80455 0.0143876
7067.37 6.38967 0.144305
7070.55 2.16639 0.650448
7073.73 0.882589 0.1814
7076.92 2.48989 0.971301
7080.1 0.0690216 0.194562
7083.28 0.258411 0.972423
7086.47 9.93752 0.973054
7089.65 2.28475 0.669145
7092.83 5.47287 0.697908
7096.02 0.060577 0.909458
7099.2 0.452418 0.821151
7102.38 0.73526 0.197057
7105.57 1.63528 0.678439
7108.75 1.07225 0.368988
7111.93 4.71999 1.33146
7115.12 5.50622 0.147329
7118.3 0.173571 0.660886
7121.49 0.211138 0.790446
7124.67 2.78359 0.443552
7127.85 0.407306 0.152734
7131.04 2.30766 1.34752
7134.22 6.9281 0.986648
7137.4 4.32577 0.510275
7140.59 0.102611 0.645377
7143.77 1.25765 0.58928
7146.95 0.849295 0.800075
7150.14 1.40311 0.038325
7153.32 0.117654 0.312975
7156.5 1.59281 1.53047
7159.69 1.72335 0.327202
7162.87 0.296814 0.153863
7166.05 6.79054 0.307436
7169.24 2.0086 0.339088
7172.42 0.712063 0.936616
7175.6 2.62726 0.347959
7178.79 2.14964 0.00211012
7181.97 7.07235 1.12693
7185.16 1.75358 0.0481742
7188.34 0.279917 0.012572
7191.52 3.13611 0.105671
7194.71 8.09579 0.572419
7197.89 4.37263 0.615084
7201.07 3.75435 0.793894
7204.26 12.2593 0.656342
