2.38762 0.808704 0.376779
3.58144 0.808704 0.376779
4.77525 0.808704 0.376779
5.96906 0.808704 0.376779
7.16287 0.808704 0.376779
8.35668 0.808704 0.376779
9.55049 0.808704 0.376779
10.7443 0.808704 0.376779
11.9381 0.808704 0.376779
13.1319 0.808704 0.376779
14.3257 0.808704 0.376779
15.5196 0.808704 0.376779
16.7134 0.808704 0.376779
17.9072 0.808704 0.376779
19.101 0.808704 0.376779
20.2948 0.808704 0.376779
21.4886 0.808704 0.376779
22.6824 0.808704 0.376779
23.8762 0.808704 0.376779
25.07 0.808704 0.376779
26.2639 0.808704 0.376779
27.4577 0.808704 0.376779
28.6515 0.808704 0.376779
29.8453 0.808704 0.376779
31.0391 0.808704 0.376779
32.2329 0.808704 0.376779
33.4267 0.808704 0.376779
34.6205 0.808704 0.376779
35.8144 0.808704 0.376779
37.0082 0.808704 0.376779
38.202 0.808704 0.376779
39.3958 0.808704 0.376779
40.5896 0.808704 0.376779
41.7834 0.808704 0.376779
42.9772 0.808704 0.376779
44.171 0.808704 0.376779
45.3648 0.808704 0.376779
46.5587 0.808704 0.376779
47.7525 0.808704 0.376779
48.9463 0.808704 0.376779
50.1401 0.808704 0.376779
51.3339 0.808704 0.376779
52.5277 0.808704 0.376779
53.7215 0.808704 0.376779
54.9153 0.808704 0.376779
56.1092 0.808704 0.376779
57.303 0.808704 0.376779
58.4968 0.808704 0.376779
59.6906 0.808704 0.376779
60.8844 0.808704 0.376779
62.0782 0.808704 0.376779
63.272 0.808704 0.376779
64.4658 0.808704 0.376779
65.6596 0.808704 0.376779
66.8535 0.808704 0.376779
68.0473 0.808704 0.376779
69.2411 0.808704 0.376779
70.4349 0.808704 0.376779
71.6287 0.808704 0.376779
72.8225 0.808704 0.376779
74.0163 0.808704 0.376779
75.2101 0.808704 0.376779
76.404 0.808704 0.376779
77.5978 0.808704 0.376779
78.7916 0.808704 0.376779
79.9854 0.808704 0.376779
81.1792 0.808704 0.376779
82.373 0.808704 0.376779
83.5668 0.808704 0.376779
84.7606 0.808704 0.376779
85.9544 0.808704 0.376779
87.1483 0.808704 0.376779
88.3421 0.808704 0.376779
89.5359 0.808704 0.376779
90.7297 0.808704 0.376779
91.9235 0.808704 0.376779
93.1173 0.808704 0.376779
94.3111 0.808704 0.376779
95.5049 0.808704 0.376779
96.6988 0.808704 0.376779
97.8926 0.808704 0.376779
99.0864 0.808704 0.376779
100.28 0.808704 0.376779
101.474 0.808704 0.376779
102.668 0.808704 0.376779
103.862 0.808704 0.376779
105.055 0.808704 0.376779
106.249 0.808704 0.376779
107.443 0.808704 0.376779
108.637 0.808704 0.376779
109.831 0.808704 0.376779
111.024 0.808704 0.376779
112.218 0.808704 0.376779
113.412 0.808704 0.376779
114.606 0.808704 0.376779
115.8 0.808704 0.376779
116.994 0.808704 0.376779
118.187 0.808704 0.376779
119.381 0.808704 0.376779
120.575 0.808704 0.376779
121.769 0.808704 0.376779
122.963 0.808704 0.376779
124.156 0.808704 0.376779
125.35 0.808704 0.376779
126.544 0.808704 0.376779
127.738 0.808704 0.376779
128.932 0.808704 0.376779
130.125 0.808704 0.376779
131.319 0.808704 0.376779
132.513 0.808704 0.376779
133.707 0.808704 0.376779
134.901 0.808704 0.376779
136.095 0.808704 0.376779
137.288 0.808704 0.376779
138.482 0.808704 0.376779
139.676 0.808704 0.376779
140.87 0.808704 0.376779
142.064 0.808704 0.376779
143.257 0.808704 0.376779
144.451 0.808704 0.376779
145.645 0.808704 0.376779
146.839 0.808704 0.376779
148.033 0.808704 0.376779
149.226 0.808704 0.376779
150.42 0.808704 0.376779
151.614 0.808704 0.376779
152.808 0.808704 0.376779
154.002 0.808704 0.376779
155.196 0.808704 0.376779
156.389 0.808704 0.376779
157.583 0.808704 0.376779
158.777 0.808704 0.376779
159.971 0.808704 0.376779
161.165 0.808704 0.376779
162.358 0.808704 0.376779
163.552 0.808704 0.376779
164.746 0.808704 0.376779
165.94 0.808704 0.376779
167.134 0.808704 0.376779
168.327 0.808704 0.376779
169.521 0.808704 0.376779
170.715 0.808704 0.376779
171.909 0.808704 0.376779
173.103 0.808704 0.376779
174.297 0.808704 0.376779
175.49 0.808704 0.376779
176.684 0.808704 0.376779
177.878 0.808704 0.376779
179.072 0.808704 0.376779
180.266 0.808704 0.376779
181.459 0.808704 0.376779
182.653 0.808704 0.376779
183.847 0.808704 0.376779
185.041 0.808704 0.376779
186.235 0.808704 0.376779
187.428 0.808704 0.376779
188.622 0.808704 0.376779
189.816 0.808704 0.376779
191.01 0.808704 0.376779
192.204 0.808704 0.376779
193.398 0.808704 0.376779
194.591 0.808704 0.376779
195.785 0.808704 0.376779
196.979 0.808704 0.376779
198.173 0.808704 0.376779
199.367 0.808704 0.376779
200.56 0.808704 0.376779
201.754 0.808704 0.376779
202.948 0.808704 0.376779
204.142 0.808704 0.376779
205.336 0.808704 0.376779
206.529 0.808704 0.376779
207.723 0.808704 0.376779
208.917 0.808704 0.376779
210.111 0.808704 0.376779
211.305 0.808704 0.376779
212.498 0.808704 0.376779
213.692 0.808704 0.376779
214.886 0.808704 0.376779
216.08 0.808704 0.376779
217.274 0.808704 0.376779
218.468 0.808704 0.376779
219.661 0.808704 0.376779
220.855 0.808704 0.376779
222.049 0.808704 0.376779
223.243 0.808704 0.376779
224.437 0.808704 0.376779
225.63 0.808704 0.376779
226.824 0.808704 0.376779
228.018 0.808704 0.376779
229.212 0.808704 0.376779
230.406 0.808704 0.376779
231.599 0.808704 0.376779
232.793 0.808704 0.376779
233.987 0.808704 0.376779
235.181 0.808704 0.376779
236.375 0.808704 0.376779
237.569 0.808704 0.376779
238.762 0.808704 0.376779
239.956 0.808704 0.376779
241.15 0.808704 0.376779
242.344 0.808704 0.376779
243.538 0.808704 0.376779
244.731 0.808704 0.376779
245.925 0.808704 0.376779
247.119 0.808704 0.376779
248.313 0.808704 0.376779
249.507 0.808704 0.376779
250.7 0.808704 0.376779
251.894 0.808704 0.376779
253.088 0.808704 0.376779
254.282 0.808704 0.376779
255.476 0.808704 0.376779
256.67 0.808704 0.376779
257.863 0.808704 0.376779
259.057 0.808704 0.376779
260.251 0.808704 0.376779
261.445 0.808704 0.376779
262.639 0.808704 0.376779
263.832 0.808704 0.376779
265.026 0.808704 0.376779
266.22 0.808704 0.376779
267.414 0.808704 0.376779
268.608 0.808704 0.376779
269.801 0.808704 0.376779
270.995 0.808704 0.376779
272.189 0.808704 0.376779
273.383 0.808704 0.376779
274.577 0.808704 0.376779
275.771 0.808704 0.376779
276.964 0.808704 0.376779
278.158 0.808704 0.376779
279.352 0.808704 0.376779
280.546 0.808704 0.376779
281.74 0.808704 0.376779
282.933 0.808704 0.376779
284.127 0.808704 0.376779
285.321 0.808704 0.376779
286.515 0.808704 0.376779
287.709 0.808704 0.376779
288.902 0.808704 0.376779
290.096 0.808704 0.376779
291.29 0.808704 0.376779
292.484 0.808704 0.376779
293.678 0.808704 0.376779
294.872 0.808704 0.376779
296.065 0.808704 0.376779
297.259 0.808704 0.376779
298.453 0.808704 0.376779
299.647 0.808704 0.376779
300.841 0.808704 0.376779
302.034 0.808704 0.376779
303.228 0.808704 0.376779
304.422 0.808704 0.376779
305.616 0.808704 0.376779
306.81 0.808704 0.376779
308.003 0.808704 0.376779
309.197 0.808704 0.376779
310.391 0.808704 0.376779
311.585 0.808704 0.376779
312.779 0.808704 0.376779
313.972 0.808704 0.376779
315.166 0.808704 0.376779
316.36 0.808704 0.376779
317.554 0.808704 0.376779
318.748 0.808704 0.376779
319.942 0.808704 0.376779
321.135 0.808704 0.376779
322.329 0.808704 0.376779
323.523 0.808704 0.376779
324.717 0.808704 0.376779
325.911 0.808704 0.376779
327.104 0.808704 0.376779
328.298 0.808704 0.376779
329.492 0.808704 0.376779
330.686 0.808704 0.376779
331.88 0.808704 0.376779
333.073 0.808704 0.376779
334.267 0.808704 0.376779
335.461 0.808704 0.376779
336.655 0.808704 0.376779
337.849 0.808704 0.376779
339.043 0.808704 0.376779
340.236 0.808704 0.376779
341.43 0.808704 0.376779
342.624 0.808704 0.376779
343.818 0.808704 0.376779
345.012 0.808704 0.376779
346.205 0.808704 0.376779
347.399 0.808704 0.376779
348.593 0.808704 0.376779
349.787 0.808704 0.376779
350.981 0.808704 0.376779
352.174 0.808704 0.376779
353.368 0.808704 0.376779
354.562 0.808704 0.376779
355.756 0.808704 0.376779
356.95 0.808704 0.376779
358.144 0.808704 0.376779
359.337 0.808704 0.376779
360.531 0.808704 0.376779
361.725 0.808704 0.376779
362.919 0.808704 0.376779
364.113 0.808704 0.376779
365.306 0.808704 0.376779
366.5 0.808704 0.376779
367.694 0.808704 0.376779
368.888 0.808704 0.376779
370.082 0.808704 0.376779
371.275 0.808704 0.376779
372.469 0.808704 0.376779
373.663 0.808704 0.376779
374.857 0.808704 0.376779
376.051 0.808704 0.376779
377.245 0.808704 0.376779
378.438 0.808704 0.376779
379.632 0.808704 0.376779
380.826 0.808704 0.376779
382.02 0.808704 0.376779
383.214 0.808704 0.376779
384.407 0.808704 0.376779
385.601 0.808704 0.376779
386.795 0.808704 0.376779
387.989 0.808704 0.376779
389.183 0.808704 0.376779
390.376 0.808704 0.376779
391.57 0.808704 0.376779
392.764 0.808704 0.376779
393.958 0.808704 0.376779
395.152 0.808704 0.376779
396.346 0.808704 0.376779
397.539 0.808704 0.376779
398.733 0.808704 0.376779
399.927 0.808704 0.376779
401.121 0.808704 0.376779
402.315 0.808704 0.376779
403.508 0.808704 0.376779
404.702 0.808704 0.376779
405.896 0.808704 0.376779
407.09 0.808704 0.376779
408.284 0.808704 0.376779
409.477 0.808704 0.376779
410.671 0.808704 0.376779
411.865 0.808704 0.376779
413.059 0.808704 0.376779
414.253 0.808704 0.376779
415.446 0.808704 0.376779
416.64 0.808704 0.376779
417.834 0.808704 0.376779
419.028 0.808704 0.376779
420.222 0.808704 0.376779
421.416 0.808704 0.376779
422.609 0.808704 0.376779
423.803 0.808704 0.376779
424.997 0.808704 0.376779
426.191 0.808704 0.376779
427.385 0.808704 0.376779
428.578 0.808704 0.376779
429.772 0.808704 0.376779
430.966 0.808704 0.376779
432.16 0.808704 0.376779
433.354 0.808704 0.376779
434.547 0.808704 0.376779
435.741 0.808704 0.376779
436.935 0.808704 0.376779
438.129 0.808704 0.376779
439.323 0.808704 0.376779
440.517 0.808704 0.376779
441.71 0.808704 0.376779
442.904 0.808704 0.376779
444.098 0.808704 0.376779
445.292 0.808704 0.376779
446.486 0.808704 0.376779
447.679 0.808704 0.376779
448.873 0.808704 0.376779
450.067 0.808704 0.376779
451.261 0.808704 0.376779
452.455 0.808704 0.376779
453.648 0.808704 0.376779
454.842 0.808704 0.376779
456.036 0.808704 0.376779
457.23 0.808704 0.376779
458.424 0.808704 0.376779
459.618 0.808704 0.376779
460.811 0.808704 0.376779
462.005 0.808704 0.376779
463.199 0.808704 0.376779
464.393 0.808704 0.376779
465.587 0.808704 0.376779
466.78 0.808704 0.376779
467.974 0.808704 0.376779
469.168 0.808704 0.376779
470.362 0.808704 0.376779
471.556 0.808704 0.376779
472.749 0.808704 0.376779
473.943 0.808704 0.376779
475.137 0.808704 0.376779
476.331 0.808704 0.376779
477.525 0.808704 0.376779
478.719 0.808704 0.376779
479.912 0.808704 0.376779
481.106 0.808704 0.376779
482.3 0.808704 0.376779
483.494 0.808704 0.376779
484.688 0.808704 0.376779
485.881 0.808704 0.376779
487.075 0.808704 0.376779
488.269 0.808704 0.376779
489.463 0.808704 0.376779
490.657 0.808704 0.376779
491.85 0.808704 0.376779
493.044 0.808704 0.376779
494.238 0.808704 0.376779
495.432 0.808704 0.376779
496.626 0.808704 0.376779
497.82 0.808704 0.376779
499.013 0.808704 0.376779
500.207 0.808704 0.376779
501.401 0.808704 0.376779
502.595 0.808704 0.376779
503.789 0.808704 0.376779
504.982 0.808704 0.376779
506.176 0.808704 0.376779
507.37 0.808704 0.376779
508.564 0.808704 0.376779
509.758 0.808704 0.376779
510.951 0.808704 0.376779
512.145 0.808704 0.376779
513.339 0.808704 0.376779
514.533 0.808704 0.376779
515.727 0.808704 0.376779
516.92 0.808704 0.376779
518.114 0.808704 0.376779
519.308 0.808704 0.376779
520.502 0.808704 0.376779
521.696 0.808704 0.376779
522.89 0.808704 0.376779
524.083 0.808704 0.376779
525.277 0.808704 0.376779
526.471 0.808704 0.376779
527.665 0.808704 0.376779
528.859 0.808704 0.376779
530.052 0.808704 0.376779
531.246 0.808704 0.376779
532.44 0.808704 0.376779
533.634 0.808704 0.376779
534.828 0.808704 0.376779
536.021 0.808704 0.376779
537.215 0.808704 0.376779
538.409 0.808704 0.376779
539.603 0.808704 0.376779
540.797 0.808704 0.376779
541.991 0.808704 0.376779
543.184 0.808704 0.376779
544.378 0.808704 0.376779
545.572 0.808704 0.376779
546.766 0.808704 0.376779
547.96 0.808704 0.376779
549.153 0.808704 0.376779
550.347 0.808704 0.376779
551.541 0.808704 0.376779
552.735 0.808704 0.376779
553.929 0.808704 0.376779
555.122 0.808704 0.376779
556.316 0.808704 0.376779
557.51 0.808704 0.376779
558.704 0.808704 0.376779
559.898 0.808704 0.376779
561.092 0.808704 0.376779
562.285 0.808704 0.376779
563.479 0.808704 0.376779
564.673 0.808704 0.376779
565.867 0.808704 0.376779
567.061 0.808704 0.376779
568.254 0.808704 0.376779
569.448 0.808704 0.376779
570.642 0.808704 0.376779
571.836 0.808704 0.376779
573.03 0.808704 0.376779
574.223 0.808704 0.376779
575.417 0.808704 0.376779
576.611 0.808704 0.376779
577.805 0.808704 0.376779
578.999 0.808704 0.376779
580.193 0.808704 0.376779
581.386 0.808704 0.376779
582.58 0.808704 0.376779
583.774 0.808704 0.376779
584.968 0.808704 0.376779
586.162 0.808704 0.376779
587.355 0.808704 0.376779
588.549 0.808704 0.376779
589.743 0.808704 0.376779
590.937 0.808704 0.376779
592.131 0.808704 0.376779
593.324 0.808704 0.376779
594.518 0.808704 0.376779
595.712 0.808704 0.376779
596.906 0.808704 0.376779
598.1 0.808704 0.376779
599.294 0.808704 0.376779
600.487 0.808704 0.376779
601.681 0.808704 0.376779
602.875 0.808704 0.376779
604.069 0.808704 0.376779
605.263 0.808704 0.376779
606.456 0.808704 0.376779
607.65 0.808704 0.376779
608.844 0.808704 0.376779
610.038 0.808704 0.376779
611.232 0.808704 0.376779
612.425 0.808704 0.376779
613.619 0.808704 0.376779
614.813 0.808704 0.376779
616.007 0.808704 0.376779
617.201 0.808704 0.376779
618.394 0.808704 0.376779
619.588 0.808704 0.376779
620.782 0.808704 0.376779
621.976 0.808704 0.376779
623.17 0.808704 0.376779
624.364 0.808704 0.376779
625.557 0.808704 0.376779
626.751 0.808704 0.376779
627.945 0.808704 0.376779
629.139 0.808704 0.376779
630.333 0.808704 0.376779
631.526 0.808704 0.376779
632.72 0.808704 0.376779
633.914 0.808704 0.376779
635.108 0.808704 0.376779
636.302 0.808704 0.376779
637.495 0.808704 0.376779
638.689 0.808704 0.376779
639.883 0.808704 0.376779
641.077 0.808704 0.376779
642.271 0.808704 0.376779
643.465 0.808704 0.376779
644.658 0.808704 0.376779
645.852 0.808704 0.376779
647.046 0.808704 0.376779
648.24 0.808704 0.376779
649.434 0.808704 0.376779
650.627 0.808704 0.376779
651.821 0.808704 0.376779
653.015 0.808704 0.376779
654.209 0.808704 0.376779
655.403 0.808704 0.376779
656.596 0.808704 0.376779
657.79 0.808704 0.376779
658.984 0.808704 0.376779
660.178 0.808704 0.376779
661.372 0.808704 0.376779
662.566 0.808704 0.376779
663.759 0.808704 0.376779
664.953 0.808704 0.376779
666.147 0.808704 0.376779
667.341 0.808704 0.376779
668.535 0.808704 0.376779
669.728 0.808704 0.376779
670.922 0.808704 0.376779
672.116 0.808704 0.376779
673.31 0.808704 0.376779
674.504 0.808704 0.376779
675.697 0.808704 0.376779
676.891 0.808704 0.376779
678.085 0.808704 0.376779
679.279 0.808704 0.376779
680.473 0.808704 0.376779
681.667 0.808704 0.376779
682.86 0.808704 0.376779
684.054 0.808704 0.376779
685.248 0.808704 0.376779
686.442 0.808704 0.376779
687.636 0.808704 0.376779
688.829 0.808704 0.376779
690.023 0.808704 0.376779
691.217 0.808704 0.376779
692.411 0.808704 0.376779
693.605 0.808704 0.376779
694.798 0.808704 0.376779
695.992 0.808704 0.376779
697.186 0.808704 0.376779
698.38 0.808704 0.376779
699.574 0.808704 0.376779
700.768 0.808704 0.376779
701.961 0.808704 0.376779
703.155 0.808704 0.376779
704.349 0.808704 0.376779
705.543 0.808704 0.376779
706.737 0.808704 0.376779
707.93 0.808704 0.376779
709.124 0.808704 0.376779
710.318 0.808704 0.376779
711.512 0.808704 0.376779
712.706 0.808704 0.376779
713.899 0.808704 0.376779
715.093 0.808704 0.376779
716.287 0.808704 0.376779
717.481 0.808704 0.376779
718.675 0.808704 0.376779
719.868 0.808704 0.376779
721.062 0.808704 0.376779
722.256 0.808704 0.376779
723.45 0.808704 0.376779
724.644 0.808704 0.376779
725.838 0.808704 0.376779
727.031 0.808704 0.376779
728.225 0.808704 0.376779
729.419 0.808704 0.376779
730.613 0.808704 0.376779
731.807 0.808704 0.376779
733 0.808704 0.376779
734.194 0.808704 0.376779
735.388 0.808704 0.376779
736.582 0.808704 0.376779
737.776 0.808704 0.376779
738.969 0.808704 0.376779
740.163 0.808704 0.376779
741.357 0.808704 0.376779
742.551 0.808704 0.376779
743.745 0.808704 0.376779
744.939 0.808704 0.376779
746.132 0.808704 0.376779
747.326 0.808704 0.376779
748.52 0.808704 0.376779
749.714 0.808704 0.376779
750.908 0.808704 0.376779
752.101 0.808704 0.376779
753.295 0.808704 0.376779
754.489 0.808704 0.376779
755.683 0.808704 0.376779
756.877 0.808704 0.376779
758.07 0.808704 0.376779
759.264 0.808704 0.376779
760.458 0.808704 0.376779
761.652 0.808704 0.376779
762.846 0.808704 0.376779
764.04 0.808704 0.376779
765.233 0.808704 0.376779
766.427 0.808704 0.376779
767.621 0.808704 0.376779
768.815 0.808704 0.376779
770.009 0.808704 0.376779
771.202 0.808704 0.376779
772.396 0.808704 0.376779
773.59 0.808704 0.376779
774.784 0.808704 0.376779
775.978 0.808704 0.376779
777.171 0.808704 0.376779
778.365 0.808704 0.376779
779.559 0.808704 0.376779
780.753 0.808704 0.376779
781.947 0.808704 0.376779
783.141 0.808704 0.376779
784.334 0.808704 0.376779
785.528 0.808704 0.376779
786.722 0.808704 0.376779
787.916 0.808704 0.376779
789.11 0.808704 0.376779
790.303 0.808704 0.376779
791.497 0.808704 0.376779
792.691 0.808704 0.376779
793.885 0.808704 0.376779
795.079 0.808704 0.376779
796.272 0.808704 0.376779
797.466 0.808704 0.376779
798.66 0.808704 0.376779
799.854 0.808704 0.376779
801.048 0.808704 0.376779
802.242 0.808704 0.376779
803.435 0.808704 0.376779
804.629 0.808704 0.376779
805.823 0.808704 0.376779
807.017 0.808704 0.376779
808.211 0.808704 0.376779
809.404 0.808704 0.376779
810.598 0.808704 0.376779
811.792 0.808704 0.376779
812.986 0.808704 0.376779
814.18 0.808704 0.376779
815.373 0.808704 0.376779
816.567 0.808704 0.376779
817.761 0.808704 0.376779
818.955 0.808704 0.376779
820.149 0.808704 0.376779
821.342 0.808704 0.376779
822.536 0.808704 0.376779
823.73 0.808704 0.376779
824.924 0.808704 0.376779
826.118 0.808704 0.376779
827.312 0.808704 0.376779
828.505 0.808704 0.376779
829.699 0.808704 0.376779
830.893 0.808704 0.376779
832.087 0.808704 0.376779
833.281 0.808704 0.376779
834.474 0.808704 0.376779
835.668 0.808704 0.376779
836.862 0.808704 0.376779
838.056 0.808704 0.376779
839.25 0.808704 0.376779
840.443 0.808704 0.376779
841.637 0.808704 0.376779
842.831 0.808704 0.376779
844.025 0.808704 0.376779
845.219 0.808704 0.376779
846.413 0.808704 0.376779
847.606 0.808704 0.376779
848.8 0.808704 0.376779
849.994 0.808704 0.376779
851.188 0.808704 0.376779
852.382 0.808704 0.376779
853.575 0.808704 0.376779
854.769 0.808704 0.376779
855.963 0.808704 0.376779
857.157 0.808704 0.376779
858.351 0.808704 0.376779
859.544 0.808704 0.376779
860.738 0.808704 0.376779
861.932 0.808704 0.376779
863.126 0.808704 0.376779
864.32 0.808704 0.376779
865.514 0.808704 0.376779
866.707 0.808704 0.376779
867.901 0.808704 0.376779
869.095 0.808704 0.376779
870.289 0.808704 0.376779
871.483 0.808704 0.376779
872.676 0.808704 0.376779
873.87 0.808704 0.376779
875.064 0.808704 0.376779
876.258 0.808704 0.376779
877.452 0.808704 0.376779
878.645 0.808704 0.376779
879.839 0.808704 0.376779
881.033 0.808704 0.376779
882.227 0.808704 0.376779
883.421 0.808704 0.376779
884.615 0.808704 0.376779
885.808 0.808704 0.376779
887.002 0.808704 0.376779
888.196 0.808704 0.376779
889.39 0.808704 0.376779
890.584 0.808704 0.376779
891.777 0.808704 0.376779
892.971 0.808704 0.376779
894.165 0.808704 0.376779
895.359 0.808704 0.376779
896.553 0.808704 0.376779
897.746 0.808704 0.376779
898.94 0.808704 0.376779
900.134 0.808704 0.376779
901.328 0.808704 0.376779
902.522 0.808704 0.376779
903.715 0.808704 0.376779
904.909 0.808704 0.376779
906.103 0.808704 0.376779
907.297 0.808704 0.376779
908.491 0.808704 0.376779
909.685 0.808704 0.376779
910.878 0.808704 0.376779
912.072 0.808704 0.376779
913.266 0.808704 0.376779
914.46 0.808704 0.376779
915.654 0.808704 0.376779
916.847 0.808704 0.376779
918.041 0.808704 0.376779
919.235 0.808704 0.376779
920.429 0.808704 0.376779
921.623 0.808704 0.376779
922.816 0.808704 0.376779
924.01 0.808704 0.376779
925.204 0.808704 0.376779
926.398 0.808704 0.376779
927.592 0.808704 0.376779
928.786 0.808704 0.376779
929.979 0.808704 0.376779
931.173 0.808704 0.376779
932.367 0.808704 0.376779
933.561 0.808704 0.376779
934.755 0.808704 0.376779
935.948 0.808704 0.376779
937.142 0.808704 0.376779
938.336 0.808704 0.376779
939.53 0.808704 0.376779
940.724 0.808704 0.376779
941.917 0.808704 0.376779
943.111 0.808704 0.376779
944.305 0.808704 0.376779
945.499 0.808704 0.376779
946.693 0.808704 0.376779
947.887 0.808704 0.376779
949.08 0.808704 0.376779
950.274 0.808704 0.376779
951.468 0.808704 0.376779
952.662 0.808704 0.376779
953.856 0.808704 0.376779
955.049 0.808704 0.376779
956.243 0.808704 0.376779
957.437 0.808704 0.376779
958.631 0.808704 0.376779
959.825 0.808704 0.376779
961.018 0.808704 0.376779
962.212 0.808704 0.376779
963.406 0.808704 0.376779
964.6 0.808704 0.376779
965.794 0.808704 0.376779
966.988 0.808704 0.376779
968.181 0.808704 0.376779
969.375 0.808704 0.376779
970.569 0.808704 0.376779
971.763 0.808704 0.376779
972.957 0.808704 0.376779
974.15 0.808704 0.376779
975.344 0.808704 0.376779
976.538 0.808704 0.376779
977.732 0.808704 0.376779
978.926 0.808704 0.376779
980.119 0.808704 0.376779
981.313 0.808704 0.376779
982.507 0.808704 0.376779
983.701 0.808704 0.376779
984.895 0.808704 0.376779
986.089 0.808704 0.376779
987.282 0.808704 0.376779
988.476 0.808704 0.376779
989.67 0.808704 0.376779
990.864 0.808704 0.376779
992.058 0.808704 0.376779
993.251 0.808704 0.376779
994.445 0.808704 0.376779
995.639 0.808704 0.376779
996.833 0.808704 0.376779
998.027 0.808704 0.376779
999.22 0.808704 0.376779
1000.41 0.808704 0.376779
1001.61 0.808704 0.376779
1002.8 0.808704 0.376779
1004 0.808704 0.376779
1005.19 0.808704 0.376779
1006.38 0.808704 0.376779
1007.58 0.808704 0.376779
1008.77 0.808704 0.376779
1009.96 0.808704 0.376779
1011.16 0.808704 0.376779
1012.35 0.808704 0.376779
1013.55 0.808704 0.376779
1014.74 0.808704 0.376779
1015.93 0.808704 0.376779
1017.13 0.808704 0.376779
1018.32 0.808704 0.376779
1019.52 0.808704 0.376779
1020.71 0.808704 0.376779
1021.9 0.808704 0.376779
1023.1 0.808704 0.376779
1024.29 0.808704 0.376779
1025.48 0.808704 0.376779
1026.68 0.808704 0.376779
1027.87 0.808704 0.376779
1029.07 0.808704 0.376779
1030.26 0.808704 0.376779
1031.45 0.808704 0.376779
1032.65 0.808704 0.376779
1033.84 0.808704 0.376779
1035.03 0.808704 0.376779
1036.23 0.808704 0.376779
1037.42 0.808704 0.376779
1038.62 0.808704 0.376779
1039.81 0.808704 0.376779
1041 0.808704 0.376779
1042.2 0.808704 0.376779
1043.39 0.808704 0.376779
1044.59 0.808704 0.376779
1045.78 0.808704 0.376779
1046.97 0.808704 0.376779
1048.17 0.808704 0.376779
1049.36 0.808704 0.376779
1050.55 0.808704 0.376779
1051.75 0.808704 0.376779
1052.94 0.808704 0.376779
1054.14 0.808704 0.376779
1055.33 0.808704 0.376779
1056.52 0.808704 0.376779
1057.72 0.808704 0.376779
1058.91 0.808704 0.376779
1060.1 0.808704 0.376779
1061.3 0.808704 0.376779
1062.49 0.808704 0.376779
1063.69 0.808704 0.376779
1064.88 0.808704 0.376779
1066.07 0.808704 0.376779
1067.27 0.808704 0.376779
1068.46 0.808704 0.376779
1069.66 0.808704 0.376779
1070.85 0.808704 0.376779
1072.04 0.808704 0.376779
1073.24 0.808704 0.376779
1074.43 0.808704 0.376779
1075.62 0.808704 0.376779
1076.82 0.808704 0.376779
1078.01 0.808704 0.376779
1079.21 0.808704 0.376779
1080.4 0.808704 0.376779
1081.59 0.808704 0.376779
1082.79 0.808704 0.376779
1083.98 0.808704 0.376779
1085.17 0.808704 0.376779
1086.37 0.808704 0.376779
1087.56 0.808704 0.376779
1088.76 0.808704 0.376779
1089.95 0.808704 0.376779
1091.14 0.808704 0.376779
1092.34 0.808704 0.376779
1093.53 0.808704 0.376779
1094.73 0.808704 0.376779
1095.92 0.808704 0.376779
1097.11 0.808704 0.376779
1098.31 0.808704 0.376779
1099.5 0.808704 0.376779
1100.69 0.808704 0.376779
1101.89 0.808704 0.376779
1103.08 0.808704 0.376779
1104.28 0.808704 0.376779
1105.47 0.808704 0.376779
1106.66 0.808704 0.376779
1107.86 0.808704 0.376779
1109.05 0.808704 0.376779
1110.24 0.808704 0.376779
1111.44 0.808704 0.376779
1112.63 0.808704 0.376779
1113.83 0.808704 0.376779
1115.02 0.808704 0.376779
1116.21 0.808704 0.376779
1117.41 0.808704 0.376779
1118.6 0.808704 0.376779
1119.8 0.808704 0.376779
1120.99 0.808704 0.376779
1122.18 0.808704 0.376779
1123.38 0.808704 0.376779
1124.57 0.808704 0.376779
1125.76 0.808704 0.376779
1126.96 0.808704 0.376779
1128.15 0.808704 0.376779
1129.35 0.808704 0.376779
1130.54 0.808704 0.376779
1131.73 0.808704 0.376779
1132.93 0.808704 0.376779
1134.12 0.808704 0.376779
1135.31 0.808704 0.376779
1136.51 0.808704 0.376779
1137.7 0.808704 0.376779
1138.9 0.808704 0.376779
1140.09 0.808704 0.376779
1141.28 0.808704 0.376779
1142.48 0.808704 0.376779
1143.67 0.808704 0.376779
1144.87 0.808704 0.376779
1146.06 0.808704 0.376779
1147.25 0.808704 0.376779
1148.45 0.808704 0.376779
1149.64 0.808704 0.376779
1150.83 0.808704 0.376779
1152.03 0.808704 0.376779
1153.22 0.808704 0.376779
1154.42 0.808704 0.376779
1155.61 0.808704 0.376779
1156.8 0.808704 0.376779
1158 0.808704 0.376779
1159.19 0.808704 0.376779
1160.39 0.808704 0.376779
1161.58 0.808704 0.376779
1162.77 0.808704 0.376779
1163.97 0.808704 0.376779
1165.16 0.808704 0.376779
1166.35 0.808704 0.376779
1167.55 0.808704 0.376779
1168.74 0.808704 0.376779
1169.94 0.808704 0.376779
1171.13 0.808704 0.376779
1172.32 0.808704 0.376779
1173.52 0.808704 0.376779
1174.71 0.808704 0.376779
1175.9 0.808704 0.376779
1177.1 0.808704 0.376779
1178.29 0.808704 0.376779
1179.49 0.808704 0.376779
1180.68 0.808704 0.376779
1181.87 0.808704 0.376779
1183.07 0.808704 0.376779
1184.26 0.808704 0.376779
1185.46 0.808704 0.376779
1186.65 0.808704 0.376779
1187.84 0.808704 0.376779
1189.04 0.808704 0.376779
1190.23 0.808704 0.376779
1191.42 0.808704 0.376779
1192.62 0.808704 0.376779
1193.81 0.808704 0.376779
1195.01 0.808704 0.376779
1196.2 0.808704 0.376779
1197.39 0.808704 0.376779
1198.59 0.808704 0.376779
1199.78 0.808704 0.376779
1200.97 0.808704 0.376779
1202.17 0.808704 0.376779
1203.36 0.808704 0.376779
1204.56 0.808704 0.376779
1205.75 0.808704 0.376779
1206.94 0.808704 0.376779
1208.14 0.808704 0.376779
1209.33 0.808704 0.376779
1210.53 0.808704 0.376779
1211.72 0.808704 0.376779
1212.91 0.808704 0.376779
1214.11 0.808704 0.376779
1215.3 0.808704 0.376779
1216.49 0.808704 0.376779
1217.69 0.808704 0.376779
1218.88 0.808704 0.376779
1220.08 0.808704 0.376779
1221.27 0.808704 0.376779
1222.46 0.808704 0.376779
1223.66 0.808704 0.376779
1224.85 0.808704 0.376779
1226.04 0.808704 0.376779
1227.24 0.808704 0.376779
1228.43 0.808704 0.376779
1229.63 0.808704 0.376779
1230.82 0.808704 0.376779
1232.01 0.808704 0.376779
1233.21 0.808704 0.376779
1234.4 0.808704 0.376779
1235.6 0.808704 0.376779
1236.79 0.808704 0.376779
1237.98 0.808704 0.376779
1239.18 0.808704 0.376779
1240.37 0.808704 0.376779
1241.56 0.808704 0.376779
1242.76 0.808704 0.376779
1243.95 0.808704 0.376779
1245.15 0.808704 0.376779
1246.34 0.808704 0.376779
1247.53 0.808704 0.376779
1248.73 0.808704 0.376779
1249.92 0.808704 0.376779
1251.11 0.808704 0.376779
1252.31 0.808704 0.376779
1253.5 0.808704 0.376779
1254.7 0.808704 0.376779
1255.89 0.808704 0.376779
1257.08 0.808704 0.376779
1258.28 0.808704 0.376779
1259.47 0.808704 0.376779
1260.67 0.808704 0.376779
1261.86 0.808704 0.376779
1263.05 0.808704 0.376779
1264.25 0.808704 0.376779
1265.44 0.808704 0.376779
1266.63 0.808704 0.376779
1267.83 0.808704 0.376779
1269.02 0.808704 0.376779
1270.22 0.808704 0.376779
1271.41 0.808704 0.376779
1272.6 0.808704 0.376779
1273.8 0.808704 0.376779
1274.99 0.808704 0.376779
1276.18 0.808704 0.376779
1277.38 0.808704 0.376779
1278.57 0.808704 0.376779
1279.77 0.808704 0.376779
1280.96 0.808704 0.376779
1282.15 0.808704 0.376779
1283.35 0.808704 0.376779
1284.54 0.808704 0.376779
1285.74 0.808704 0.376779
1286.93 0.808704 0.376779
1288.12 0.808704 0.376779
1289.32 0.808704 0.376779
1290.51 0.808704 0.376779
1291.7 0.808704 0.376779
1292.9 0.808704 0.376779
1294.09 0.808704 0.376779
1295.29 0.808704 0.376779
1296.48 0.808704 0.376779
1297.67 0.808704 0.376779
1298.87 0.808704 0.376779
1300.06 0.808704 0.376779
1301.25 0.808704 0.376779
1302.45 0.808704 0.376779
1303.64 0.808704 0.376779
1304.84 0.808704 0.376779
1306.03 0.808704 0.376779
1307.22 0.808704 0.376779
1308.42 0.808704 0.376779
1309.61 0.808704 0.376779
1310.81 0.808704 0.376779
1312 0.808704 0.376779
1313.19 0.808704 0.376779
1314.39 0.808704 0.376779
1315.58 0.808704 0.376779
1316.77 0.808704 0.376779
1317.97 0.808704 0.376779
1319.16 0.808704 0.376779
1320.36 0.808704 0.376779
1321.55 0.808704 0.376779
1322.74 0.808704 0.376779
1323.94 0.808704 0.376779
1325.13 0.808704 0.376779
1326.32 0.808704 0.376779
1327.52 0.808704 0.376779
1328.71 0.808704 0.376779
1329.91 0.808704 0.376779
1331.1 0.808704 0.376779
1332.29 0.808704 0.376779
1333.49 0.808704 0.376779
1334.68 0.808704 0.376779
1335.88 0.808704 0.376779
1337.07 0.808704 0.376779
1338.26 0.808704 0.376779
1339.46 0.808704 0.376779
1340.65 0.808704 0.376779
1341.84 0.808704 0.376779
1343.04 0.808704 0.376779
1344.23 0.808704 0.376779
1345.43 0.808704 0.376779
1346.62 0.808704 0.376779
1347.81 0.808704 0.376779
1349.01 0.808704 0.376779
1350.2 0.808704 0.376779
1351.39 0.808704 0.376779
1352.59 0.808704 0.376779
1353.78 0.808704 0.376779
1354.98 0.808704 0.376779
1356.17 0.808704 0.376779
1357.36 0.808704 0.376779
1358.56 0.808704 0.376779
1359.75 0.808704 0.376779
1360.95 0.808704 0.376779
1362.14 0.808704 0.376779
1363.33 0.808704 0.376779
1364.53 0.808704 0.376779
1365.72 0.808704 0.376779
1366.91 0.808704 0.376779
1368.11 0.808704 0.376779
1369.3 0.808704 0.376779
1370.5 0.808704 0.376779
1371.69 0.808704 0.376779
1372.88 0.808704 0.376779
1374.08 0.808704 0.376779
1375.27 0.808704 0.376779
1376.46 0.808704 0.376779
1377.66 0.808704 0.376779
1378.85 0.808704 0.376779
1380.05 0.808704 0.376779
1381.24 0.808704 0.376779
1382.43 0.808704 0.376779
1383.63 0.808704 0.376779
1384.82 0.808704 0.376779
1386.02 0.808704 0.376779
1387.21 0.808704 0.376779
1388.4 0.808704 0.376779
1389.6 0.808704 0.376779
1390.79 0.808704 0.376779
1391.98 0.808704 0.376779
1393.18 0.808704 0.376779
1394.37 0.808704 0.376779
1395.57 0.808704 0.376779
1396.76 0.808704 0.376779
1397.95 0.808704 0.376779
1399.15 0.808704 0.376779
1400.34 0.808704 0.376779
1401.54 0.808704 0.376779
1402.73 0.808704 0.376779
1403.92 0.808704 0.376779
1405.12 0.808704 0.376779
1406.31 0.808704 0.376779
1407.5 0.808704 0.376779
1408.7 0.808704 0.376779
1409.89 0.808704 0.376779
1411.09 0.808704 0.376779
1412.28 0.808704 0.376779
1413.47 0.808704 0.376779
1414.67 0.808704 0.376779
1415.86 0.808704 0.376779
1417.05 0.808704 0.376779
1418.25 0.808704 0.376779
1419.44 0.808704 0.376779
1420.64 0.808704 0.376779
1421.83 0.808704 0.376779
1423.02 0.808704 0.376779
1424.22 0.808704 0.376779
1425.41 0.808704 0.376779
1426.61 0.808704 0.376779
1427.8 0.808704 0.376779
1428.99 0.808704 0.376779
1430.19 0.808704 0.376779
1431.38 0.808704 0.376779
1432.57 0.808704 0.376779
1433.77 0.808704 0.376779
1434.96 0.808704 0.376779
1436.16 0.808704 0.376779
1437.35 0.808704 0.376779
1438.54 0.808704 0.376779
1439.74 0.808704 0.376779
1440.93 0.808704 0.376779
1442.12 0.808704 0.376779
1443.32 0.808704 0.376779
1444.51 0.808704 0.376779
1445.71 0.808704 0.376779
1446.9 0.808704 0.376779
1448.09 0.808704 0.376779
1449.29 0.808704 0.376779
1450.48 0.808704 0.376779
1451.68 0.808704 0.376779
1452.87 0.808704 0.376779
1454.06 0.808704 0.376779
1455.26 0.808704 0.376779
1456.45 0.808704 0.376779
1457.64 0.808704 0.376779
1458.84 0.808704 0.376779
1460.03 0.808704 0.376779
1461.23 0.808704 0.376779
1462.42 0.808704 0.376779
1463.61 0.808704 0.376779
1464.81 0.808704 0.376779
1466 0.808704 0.376779
1467.19 0.808704 0.376779
1468.39 0.808704 0.376779
1469.58 0.808704 0.376779
1470.78 0.808704 0.376779
1471.97 0.808704 0.376779
1473.16 0.808704 0.376779
1474.36 0.808704 0.376779
1475.55 0.808704 0.376779
1476.75 0.808704 0.376779
1477.94 0.808704 0.376779
1479.13 0.808704 0.376779
1480.33 0.808704 0.376779
1481.52 0.808704 0.376779
1482.71 0.808704 0.376779
1483.91 0.808704 0.376779
1485.1 0.808704 0.376779
1486.3 0.808704 0.376779
1487.49 0.808704 0.376779
1488.68 0.808704 0.376779
1489.88 0.808704 0.376779
1491.07 0.808704 0.376779
1492.26 0.808704 0.376779
1493.46 0.808704 0.376779
1494.65 0.808704 0.376779
1495.85 0.808704 0.376779
1497.04 0.808704 0.376779
1498.23 0.808704 0.376779
1499.43 0.808704 0.376779
1500.62 0.808704 0.376779
1501.82 0.808704 0.376779
1503.01 0.808704 0.376779
1504.2 0.808704 0.376779
1505.4 0.808704 0.376779
1506.59 0.808704 0.376779
1507.78 0.808704 0.376779
1508.98 0.808704 0.376779
1510.17 0.808704 0.376779
1511.37 0.808704 0.376779
1512.56 0.808704 0.376779
1513.75 0.808704 0.376779
1514.95 0.808704 0.376779
1516.14 0.808704 0.376779
1517.33 0.808704 0.376779
1518.53 0.808704 0.376779
1519.72 0.808704 0.376779
1520.92 0.808704 0.376779
1522.11 0.808704 0.376779
1523.3 0.808704 0.376779
1524.5 0.808704 0.376779
1525.69 0.808704 0.376779
1526.89 0.808704 0.376779
1528.08 0.808704 0.376779
1529.27 0.808704 0.376779
1530.47 0.808704 0.376779
1531.66 0.808704 0.376779
1532.85 0.808704 0.376779
1534.05 0.808704 0.376779
1535.24 0.808704 0.376779
1536.44 0.808704 0.376779
1537.63 0.808704 0.376779
1538.82 0.808704 0.376779
1540.02 0.808704 0.376779
1541.21 0.808704 0.376779
1542.4 0.808704 0.376779
1543.6 0.808704 0.376779
1544.79 0.808704 0.376779
1545.99 0.808704 0.376779
1547.18 0.808704 0.376779
1548.37 0.808704 0.376779
1549.57 0.808704 0.376779
1550.76 0.808704 0.376779
1551.96 0.808704 0.376779
1553.15 0.808704 0.376779
1554.34 0.808704 0.376779
1555.54 0.808704 0.376779
1556.73 0.808704 0.376779
1557.92 0.808704 0.376779
1559.12 0.808704 0.376779
1560.31 0.808704 0.376779
1561.51 0.808704 0.376779
1562.7 0.808704 0.376779
1563.89 0.808704 0.376779
1565.09 0.808704 0.376779
1566.28 0.808704 0.376779
1567.47 0.808704 0.376779
1568.67 0.808704 0.376779
1569.86 0.808704 0.376779
1571.06 0.808704 0.376779
1572.25 0.808704 0.376779
1573.44 0.808704 0.376779
1574.64 0.808704 0.376779
1575.83 0.808704 0.376779
1577.03 0.808704 0.376779
1578.22 0.808704 0.376779
1579.41 0.808704 0.376779
1580.61 0.808704 0.376779
1581.8 0.808704 0.376779
1582.99 0.808704 0.376779
1584.19 0.808704 0.376779
1585.38 0.808704 0.376779
1586.58 0.808704 0.376779
1587.77 0.808704 0.376779
1588.96 0.808704 0.376779
1590.16 0.808704 0.376779
1591.35 0.808704 0.376779
1592.54 0.808704 0.376779
1593.74 0.808704 0.376779
1594.93 0.808704 0.376779
1596.13 0.808704 0.376779
1597.32 0.808704 0.376779
1598.51 0.808704 0.376779
1599.71 0.808704 0.376779
1600.9 0.808704 0.376779
1602.1 0.808704 0.376779
1603.29 0.808704 0.376779
1604.48 0.808704 0.376779
1605.68 0.808704 0.376779
1606.87 0.808704 0.376779
1608.06 0.808704 0.376779
1609.26 0.808704 0.376779
1610.45 0.808704 0.376779
1611.65 0.808704 0.376779
1612.84 0.808704 0.376779
1614.03 0.808704 0.376779
1615.23 0.808704 0.376779
1616.42 0.808704 0.376779
1617.61 0.808704 0.376779
1618.81 0.808704 0.376779
1620 0.808704 0.376779
1621.2 0.808704 0.376779
1622.39 0.808704 0.376779
1623.58 0.808704 0.376779
1624.78 0.808704 0.376779
1625.97 0.808704 0.376779
1627.17 0.808704 0.376779
1628.36 0.808704 0.376779
1629.55 0.808704 0.376779
1630.75 0.808704 0.376779
1631.94 0.808704 0.376779
1633.13 0.808704 0.376779
1634.33 0.808704 0.376779
1635.52 0.808704 0.376779
1636.72 0.808704 0.376779
1637.91 0.808704 0.376779
1639.1 0.808704 0.376779
1640.3 0.808704 0.376779
1641.49 0.808704 0.376779
1642.68 0.808704 0.376779
1643.88 0.808704 0.376779
1645.07 0.808704 0.376779
1646.27 0.808704 0.376779
1647.46 0.808704 0.376779
1648.65 0.808704 0.376779
1649.85 0.808704 0.376779
1651.04 0.808704 0.376779
1652.24 0.808704 0.376779
1653.43 0.808704 0.376779
1654.62 0.808704 0.376779
1655.82 0.808704 0.376779
1657.01 0.808704 0.376779
1658.2 0.808704 0.376779
1659.4 0.808704 0.376779
1660.59 0.808704 0.376779
1661.79 0.808704 0.376779
1662.98 0.808704 0.376779
1664.17 0.808704 0.376779
1665.37 0.808704 0.376779
1666.56 0.808704 0.376779
1667.76 0.808704 0.376779
1668.95 0.808704 0.376779
1670.14 0.808704 0.376779
1671.34 0.808704 0.376779
1672.53 0.808704 0.376779
1673.72 0.808704 0.376779
1674.92 0.808704 0.376779
1676.11 0.808704 0.376779
1677.31 0.808704 0.376779
1678.5 0.808704 0.376779
1679.69 0.808704 0.376779
1680.89 0.808704 0.376779
1682.08 0.808704 0.376779
1683.27 0.808704 0.376779
1684.47 0.808704 0.376779
1685.66 0.808704 0.376779
1686.86 0.808704 0.376779
1688.05 0.808704 0.376779
1689.24 0.808704 0.376779
1690.44 0.808704 0.376779
1691.63 0.808704 0.376779
1692.83 0.808704 0.376779
1694.02 0.808704 0.376779
1695.21 0.808704 0.376779
1696.41 0.808704 0.376779
1697.6 0.808704 0.376779
1698.79 0.808704 0.376779
1699.99 0.808704 0.376779
1701.18 0.808704 0.376779
1702.38 0.808704 0.376779
1703.57 0.808704 0.376779
1704.76 0.808704 0.376779
1705.96 0.808704 0.376779
1707.15 0.808704 0.376779
1708.34 0.808704 0.376779
1709.54 0.808704 0.376779
1710.73 0.808704 0.376779
1711.93 0.808704 0.376779
1713.12 0.808704 0.376779
1714.31 0.808704 0.376779
1715.51 0.808704 0.376779
1716.7 0.808704 0.376779
1717.9 0.808704 0.376779
1719.09 0.808704 0.376779
1720.28 0.808704 0.376779
1721.48 0.808704 0.376779
1722.67 0.808704 0.376779
1723.86 0.808704 0.376779
1725.06 0.808704 0.376779
1726.25 0.808704 0.376779
1727.45 0.808704 0.376779
1728.64 0.808704 0.376779
1729.83 0.808704 0.376779
1731.03 0.808704 0.376779
1732.22 0.808704 0.376779
1733.41 0.808704 0.376779
1734.61 0.808704 0.376779
1735.8 0.808704 0.376779
1737 0.808704 0.376779
1738.19 0.808704 0.376779
1739.38 0.808704 0.376779
1740.58 0.808704 0.376779
1741.77 0.808704 0.376779
1742.97 0.808704 0.376779
1744.16 0.808704 0.376779
1745.35 0.808704 0.376779
1746.55 0.808704 0.376779
1747.74 0.808704 0.376779
1748.93 0.808704 0.376779
1750.13 0.808704 0.376779
1751.32 0.808704 0.376779
1752.52 0.808704 0.376779
1753.71 0.808704 0.376779
1754.9 0.808704 0.376779
1756.1 0.808704 0.376779
1757.29 0.808704 0.376779
1758.48 0.808704 0.376779
1759.68 0.808704 0.376779
1760.87 0.808704 0.376779
1762.07 0.808704 0.376779
1763.26 0.808704 0.376779
1764.45 0.808704 0.376779
1765.65 0.808704 0.376779
1766.84 0.808704 0.376779
1768.04 0.808704 0.376779
1769.23 0.808704 0.376779
1770.42 0.808704 0.376779
1771.62 0.808704 0.376779
1772.81 0.808704 0.376779
1774 0.808704 0.376779
1775.2 0.808704 0.376779
1776.39 0.808704 0.376779
1777.59 0.808704 0.376779
1778.78 0.808704 0.376779
1779.97 0.808704 0.376779
1781.17 0.808704 0.376779
1782.36 0.808704 0.376779
1783.55 0.808704 0.376779
1784.75 0.808704 0.376779
1785.94 0.808704 0.376779
1787.14 0.808704 0.376779
1788.33 0.808704 0.376779
1789.52 0.808704 0.376779
1790.72 0.808704 0.376779
1791.91 0.808704 0.376779
1793.11 0.808704 0.376779
1794.3 0.808704 0.376779
1795.49 0.808704 0.376779
1796.69 0.808704 0.376779
1797.88 0.808704 0.376779
1799.07 0.808704 0.376779
1800.27 0.808704 0.376779
1801.46 0.808704 0.376779
1802.66 0.808704 0.376779
1803.85 0.808704 0.376779
1805.04 0.808704 0.376779
1806.24 0.808704 0.376779
1807.43 0.808704 0.376779
1808.62 0.808704 0.376779
1809.82 0.808704 0.376779
1811.01 0.808704 0.376779
1812.21 0.808704 0.376779
1813.4 0.808704 0.376779
1814.59 0.808704 0.376779
1815.79 0.808704 0.376779
1816.98 0.808704 0.376779
1818.18 0.808704 0.376779
1819.37 0.808704 0.376779
1820.56 0.808704 0.376779
1821.76 0.808704 0.376779
1822.95 0.808704 0.376779
1824.14 0.808704 0.376779
1825.34 0.808704 0.376779
1826.53 0.808704 0.376779
1827.73 0.808704 0.376779
1828.92 0.808704 0.376779
1830.11 0.808704 0.376779
1831.31 0.808704 0.376779
1832.5 0.808704 0.376779
1833.69 0.808704 0.376779
1834.89 0.808704 0.376779
1836.08 0.808704 0.376779
1837.28 0.808704 0.376779
1838.47 0.808704 0.376779
1839.66 0.808704 0.376779
1840.86 0.808704 0.376779
1842.05 0.808704 0.376779
1843.25 0.808704 0.376779
1844.44 0.808704 0.376779
1845.63 0.808704 0.376779
1846.83 0.808704 0.376779
1848.02 0.808704 0.376779
1849.21 0.808704 0.376779
1850.41 0.808704 0.376779
1851.6 0.808704 0.376779
1852.8 0.808704 0.376779
1853.99 0.808704 0.376779
1855.18 0.808704 0.376779
1856.38 0.808704 0.376779
1857.57 0.808704 0.376779
1858.76 0.808704 0.376779
1859.96 0.808704 0.376779
1861.15 0.808704 0.376779
1862.35 0.808704 0.376779
1863.54 0.808704 0.376779
1864.73 0.808704 0.376779
1865.93 0.808704 0.376779
1867.12 0.808704 0.376779
1868.32 0.808704 0.376779
1869.51 0.808704 0.376779
1870.7 0.808704 0.376779
1871.9 0.808704 0.376779
1873.09 0.808704 0.376779
1874.28 0.808704 0.376779
1875.48 0.808704 0.376779
1876.67 0.808704 0.376779
1877.87 0.808704 0.376779
1879.06 0.808704 0.376779
1880.25 0.808704 0.376779
1881.45 0.808704 0.376779
1882.64 0.808704 0.376779
1883.83 0.808704 0.376779
1885.03 0.808704 0.376779
1886.22 0.808704 0.376779
1887.42 0.808704 0.376779
1888.61 0.808704 0.376779
1889.8 0.808704 0.376779
1891 0.808704 0.376779
1892.19 0.808704 0.376779
1893.39 0.808704 0.376779
1894.58 0.808704 0.376779
1895.77 0.808704 0.376779
1896.97 0.808704 0.376779
1898.16 0.808704 0.376779
1899.35 0.808704 0.376779
1900.55 0.808704 0.376779
1901.74 0.808704 0.376779
1902.94 0.808704 0.376779
1904.13 0.808704 0.376779
1905.32 0.808704 0.376779
1906.52 0.808704 0.376779
1907.71 0.808704 0.376779
1908.9 0.808704 0.376779
1910.1 0.808704 0.376779
1911.29 0.808704 0.376779
1912.49 0.808704 0.376779
1913.68 0.808704 0.376779
1914.87 0.808704 0.376779
1916.07 0.808704 0.376779
1917.26 0.808704 0.376779
1918.46 0.808704 0.376779
1919.65 0.808704 0.376779
1920.84 0.808704 0.376779
1922.04 0.808704 0.376779
1923.23 0.808704 0.376779
1924.42 0.808704 0.376779
1925.62 0.808704 0.376779
1926.81 0.808704 0.376779
1928.01 0.808704 0.376779
1929.2 0.808704 0.376779
1930.39 0.808704 0.376779
1931.59 0.808704 0.376779
1932.78 0.808704 0.376779
1933.98 0.808704 0.376779
1935.17 0.808704 0.376779
1936.36 0.808704 0.376779
1937.56 0.808704 0.376779
1938.75 0.808704 0.376779
1939.94 0.808704 0.376779
1941.14 0.808704 0.376779
1942.33 0.808704 0.376779
1943.53 0.808704 0.376779
1944.72 0.808704 0.376779
1945.91 0.808704 0.376779
1947.11 0.808704 0.376779
1948.3 0.808704 0.376779
1949.49 0.808704 0.376779
1950.69 0.808704 0.376779
1951.88 0.808704 0.376779
1953.08 0.808704 0.376779
1954.27 0.808704 0.376779
1955.46 0.808704 0.376779
1956.66 0.808704 0.376779
1957.85 0.808704 0.376779
1959.05 0.808704 0.376779
1960.24 0.808704 0.376779
1961.43 0.808704 0.376779
1962.63 0.808704 0.376779
1963.82 0.808704 0.376779
1965.01 0.808704 0.376779
1966.21 0.808704 0.376779
1967.4 0.808704 0.376779
1968.6 0.808704 0.376779
1969.79 0.808704 0.376779
1970.98 0.808704 0.376779
1972.18 0.808704 0.376779
1973.37 0.808704 0.376779
1974.56 0.808704 0.376779
1975.76 0.808704 0.376779
1976.95 0.808704 0.376779
1978.15 0.808704 0.376779
1979.34 0.808704 0.376779
1980.53 0.808704 0.376779
1981.73 0.808704 0.376779
1982.92 0.808704 0.376779
1984.12 0.808704 0.376779
1985.31 0.808704 0.376779
1986.5 0.808704 0.376779
1987.7 0.808704 0.376779
1988.89 0.808704 0.376779
1990.08 0.808704 0.376779
1991.28 0.808704 0.376779
1992.47 0.808704 0.376779
1993.67 0.808704 0.376779
1994.86 0.808704 0.376779
1996.05 0.808704 0.376779
1997.25 0.808704 0.376779
1998.44 0.808704 0.376779
1999.63 0.808704 0.376779
2000.83 0.808704 0.376779
2002.02 0.808704 0.376779
2003.22 0.808704 0.376779
2004.41 0.808704 0.376779
2005.6 0.808704 0.376779
2006.8 0.808704 0.376779
2007.99 0.808704 0.376779
2009.19 0.808704 0.376779
2010.38 0.808704 0.376779
2011.57 0.808704 0.376779
2012.77 0.808704 0.376779
2013.96 0.808704 0.376779
2015.15 0.808704 0.376779
2016.35 0.808704 0.376779
2017.54 0.808704 0.376779
2018.74 0.808704 0.376779
2019.93 0.808704 0.376779
2021.12 0.808704 0.376779
2022.32 0.808704 0.376779
2023.51 0.808704 0.376779
2024.7 0.808704 0.376779
2025.9 0.808704 0.376779
2027.09 0.808704 0.376779
2028.29 0.808704 0.376779
2029.48 0.808704 0.376779
2030.67 0.808704 0.376779
2031.87 0.808704 0.376779
2033.06 0.808704 0.376779
2034.26 0.808704 0.376779
2035.45 0.808704 0.376779
2036.64 0.808704 0.376779
2037.84 0.808704 0.376779
2039.03 0.808704 0.376779
2040.22 0.808704 0.376779
2041.42 0.808704 0.376779
2042.61 0.808704 0.376779
2043.81 0.808704 0.376779
2045 0.808704 0.376779
2046.19 0.808704 0.376779
2047.39 0.808704 0.376779
2048.58 0.808704 0.376779
2049.77 0.808704 0.376779
2050.97 0.808704 0.376779
2052.16 0.808704 0.376779
2053.36 0.808704 0.376779
2054.55 0.808704 0.376779
2055.74 0.808704 0.376779
2056.94 0.808704 0.376779
2058.13 0.808704 0.376779
2059.33 0.808704 0.376779
2060.52 0.808704 0.376779
2061.71 0.808704 0.376779
2062.91 0.808704 0.376779
2064.1 0.808704 0.376779
2065.29 0.808704 0.376779
2066.49 0.808704 0.376779
2067.68 0.808704 0.376779
2068.88 0.808704 0.376779
2070.07 0.808704 0.376779
2071.26 0.808704 0.376779
2072.46 0.808704 0.376779
2073.65 0.808704 0.376779
2074.84 0.808704 0.376779
2076.04 0.808704 0.376779
2077.23 0.808704 0.376779
2078.43 0.808704 0.376779
2079.62 0.808704 0.376779
2080.81 0.808704 0.376779
2082.01 0.808704 0.376779
2083.2 0.808704 0.376779
2084.4 0.808704 0.376779
2085.59 0.808704 0.376779
2086.78 0.808704 0.376779
2087.98 0.808704 0.376779
2089.17 0.808704 0.376779
2090.36 0.808704 0.376779
2091.56 0.808704 0.376779
2092.75 0.808704 0.376779
2093.95 0.808704 0.376779
2095.14 0.808704 0.376779
2096.33 0.808704 0.376779
2097.53 0.808704 0.376779
2098.72 0.808704 0.376779
2099.91 0.808704 0.376779
2101.11 0.808704 0.376779
2102.3 0.808704 0.376779
2103.5 0.808704 0.376779
2104.69 0.808704 0.376779
2105.88 0.808704 0.376779
2107.08 0.808704 0.376779
2108.27 0.808704 0.376779
2109.47 0.808704 0.376779
2110.66 0.808704 0.376779
2111.85 0.808704 0.376779
2113.05 0.808704 0.376779
2114.24 0.808704 0.376779
2115.43 0.808704 0.376779
2116.63 0.808704 0.376779
2117.82 0.808704 0.376779
2119.02 0.808704 0.376779
2120.21 0.808704 0.376779
2121.4 0.808704 0.376779
2122.6 0.808704 0.376779
2123.79 0.808704 0.376779
2124.98 0.808704 0.376779
2126.18 0.808704 0.376779
2127.37 0.808704 0.376779
2128.57 0.808704 0.376779
2129.76 0.808704 0.376779
2130.95 0.808704 0.376779
2132.15 0.808704 0.376779
2133.34 0.808704 0.376779
2134.54 0.808704 0.376779
2135.73 0.808704 0.376779
2136.92 0.808704 0.376779
2138.12 0.808704 0.376779
2139.31 0.808704 0.376779
2140.5 0.808704 0.376779
2141.7 0.808704 0.376779
2142.89 0.808704 0.376779
2144.09 0.808704 0.376779
2145.28 0.808704 0.376779
2146.47 0.808704 0.376779
2147.67 0.808704 0.376779
2148.86 0.808704 0.376779
2150.05 0.808704 0.376779
2151.25 0.808704 0.376779
2152.44 0.808704 0.376779
2153.64 0.808704 0.376779
2154.83 0.808704 0.376779
2156.02 0.808704 0.376779
2157.22 0.808704 0.376779
2158.41 0.808704 0.376779
2159.61 0.808704 0.376779
2160.8 0.808704 0.376779
2161.99 0.808704 0.376779
2163.19 0.808704 0.376779
2164.38 0.808704 0.376779
2165.57 0.808704 0.376779
2166.77 0.808704 0.376779
2167.96 0.808704 0.376779
2169.16 0.808704 0.376779
2170.35 0.808704 0.376779
2171.54 0.808704 0.376779
2172.74 0.808704 0.376779
2173.93 0.808704 0.376779
2175.13 0.808704 0.376779
2176.32 0.808704 0.376779
2177.51 0.808704 0.376779
2178.71 0.808704 0.376779
2179.9 0.808704 0.376779
2181.09 0.808704 0.376779
2182.29 0.808704 0.376779
2183.48 0.808704 0.376779
2184.68 0.808704 0.376779
2185.87 0.808704 0.376779
2187.06 0.808704 0.376779
2188.26 0.808704 0.376779
2189.45 0.808704 0.376779
2190.64 0.808704 0.376779
2191.84 0.808704 0.376779
2193.03 0.808704 0.376779
2194.23 0.808704 0.376779
2195.42 0.808704 0.376779
2196.61 0.808704 0.376779
2197.81 0.808704 0.376779
2199 0.808704 0.376779
2200.2 0.808704 0.376779
2201.39 0.808704 0.376779
2202.58 0.808704 0.376779
2203.78 0.808704 0.376779
2204.97 0.808704 0.376779
2206.16 0.808704 0.376779
2207.36 0.808704 0.376779
2208.55 0.808704 0.376779
2209.75 0.808704 0.376779
2210.94 0.808704 0.376779
2212.13 0.808704 0.376779
2213.33 0.808704 0.376779
2214.52 0.808704 0.376779
2215.71 0.808704 0.376779
2216.91 0.808704 0.376779
2218.1 0.808704 0.376779
2219.3 0.808704 0.376779
2220.49 0.808704 0.376779
2221.68 0.808704 0.376779
2222.88 0.808704 0.376779
2224.07 0.808704 0.376779
2225.27 0.808704 0.376779
2226.46 0.808704 0.376779
2227.65 0.808704 0.376779
2228.85 0.808704 0.376779
2230.04 0.808704 0.376779
2231.23 0.808704 0.376779
2232.43 0.808704 0.376779
2233.62 0.808704 0.376779
2234.82 0.808704 0.376779
2236.01 0.808704 0.376779
2237.2 0.808704 0.376779
2238.4 0.808704 0.376779
2239.59 0.808704 0.376779
2240.78 0.808704 0.376779
2241.98 0.808704 0.376779
2243.17 0.808704 0.376779
2244.37 0.808704 0.376779
2245.56 0.808704 0.376779
2246.75 0.808704 0.376779
2247.95 0.808704 0.376779
2249.14 0.808704 0.376779
2250.34 0.808704 0.376779
2251.53 0.808704 0.376779
2252.72 0.808704 0.376779
2253.92 0.808704 0.376779
2255.11 0.808704 0.376779
2256.3 0.808704 0.376779
2257.5 0.808704 0.376779
2258.69 0.808704 0.376779
2259.89 0.808704 0.376779
2261.08 0.808704 0.376779
2262.27 0.808704 0.376779
2263.47 0.808704 0.376779
2264.66 0.808704 0.376779
2265.85 0.808704 0.376779
2267.05 0.808704 0.376779
2268.24 0.808704 0.376779
2269.44 0.808704 0.376779
2270.63 0.808704 0.376779
2271.82 0.808704 0.376779
2273.02 0.808704 0.376779
2274.21 0.808704 0.376779
2275.41 0.808704 0.376779
2276.6 0.808704 0.376779
2277.79 0.808704 0.376779
2278.99 0.808704 0.376779
2280.18 0.808704 0.376779
2281.37 0.808704 0.376779
2282.57 0.808704 0.376779
2283.76 0.808704 0.376779
2284.96 0.808704 0.376779
2286.15 0.808704 0.376779
2287.34 0.808704 0.376779
2288.54 0.808704 0.376779
2289.73 0.808704 0.376779
2290.92 0.808704 0.376779
2292.12 0.808704 0.376779
2293.31 0.808704 0.376779
2294.51 0.808704 0.376779
2295.7 0.808704 0.376779
2296.89 0.808704 0.376779
2298.09 0.808704 0.376779
2299.28 0.808704 0.376779
2300.48 0.808704 0.376779
2301.67 0.808704 0.376779
2302.86 0.808704 0.376779
2304.06 0.808704 0.376779
2305.25 0.808704 0.376779
2306.44 0.808704 0.376779
2307.64 0.808704 0.376779
2308.83 0.808704 0.376779
2310.03 0.808704 0.376779
2311.22 0.808704 0.376779
2312.41 0.808704 0.376779
2313.61 0.808704 0.376779
2314.8 0.808704 0.376779
2315.99 0.808704 0.376779
2317.19 0.808704 0.376779
2318.38 0.808704 0.376779
2319.58 0.808704 0.376779
2320.77 0.808704 0.376779
2321.96 0.808704 0.376779
2323.16 0.808704 0.376779
2324.35 0.808704 0.376779
2325.55 0.808704 0.376779
2326.74 0.808704 0.376779
2327.93 0.808704 0.376779
2329.13 0.808704 0.376779
2330.32 0.808704 0.376779
2331.51 0.808704 0.376779
2332.71 0.808704 0.376779
2333.9 0.808704 0.376779
2335.1 0.808704 0.376779
2336.29 0.808704 0.376779
2337.48 0.808704 0.376779
2338.68 0.808704 0.376779
2339.87 0.808704 0.376779
2341.06 0.808704 0.376779
2342.26 0.808704 0.376779
2343.45 0.808704 0.376779
2344.65 0.808704 0.376779
2345.84 0.808704 0.376779
2347.03 0.808704 0.376779
2348.23 0.808704 0.376779
2349.42 0.808704 0.376779
2350.62 0.808704 0.376779
2351.81 0.808704 0.376779
2353 0.808704 0.376779
2354.2 0.808704 0.376779
2355.39 0.808704 0.376779
2356.58 0.808704 0.376779
2357.78 0.808704 0.376779
2358.97 0.808704 0.376779
2360.17 0.808704 0.376779
2361.36 0.808704 0.376779
2362.55 0.808704 0.376779
2363.75 0.808704 0.376779
2364.94 0.808704 0.376779
2366.13 0.808704 0.376779
2367.33 0.808704 0.376779
2368.52 0.808704 0.376779
2369.72 0.808704 0.376779
2370.91 0.808704 0.376779
2372.1 0.808704 0.376779
2373.3 0.808704 0.376779
2374.49 0.808704 0.376779
2375.69 0.808704 0.376779
2376.88 0.808704 0.376779
2378.07 0.808704 0.376779
2379.27 0.808704 0.376779
2380.46 0.808704 0.376779
2381.65 0.808704 0.376779
2382.85 0.808704 0.376779
2384.04 0.808704 0.376779
2385.24 0.808704 0.376779
2386.43 0.808704 0.376779
2387.62 0.808704 0.376779
2388.82 0.808704 0.376779
2390.01 0.808704 0.376779
2391.2 0.808704 0.376779
2392.4 0.808704 0.376779
2393.59 0.808704 0.376779
2394.79 0.808704 0.376779
2395.98 0.808704 0.376779
2397.17 0.808704 0.376779
2398.37 0.808704 0.376779
2399.56 0.808704 0.376779
2400.76 0.808704 0.376779
2401.95 0.808704 0.376779
2403.14 0.808704 0.376779
2404.34 0.808704 0.376779
2405.53 0.808704 0.376779
2406.72 0.808704 0.376779
2407.92 0.808704 0.376779
2409.11 0.808704 0.376779
2410.31 0.808704 0.376779
2411.5 0.808704 0.376779
2412.69 0.808704 0.376779
2413.89 0.808704 0.376779
2415.08 0.808704 0.376779
2416.27 0.808704 0.376779
2417.47 0.808704 0.376779
2418.66 0.808704 0.376779
2419.86 0.808704 0.376779
2421.05 0.808704 0.376779
2422.24 0.808704 0.376779
2423.44 0.808704 0.376779
2424.63 0.808704 0.376779
2425.83 0.808704 0.376779
2427.02 0.808704 0.376779
2428.21 0.808704 0.376779
2429.41 0.808704 0.376779
2430.6 0.808704 0.376779
2431.79 0.808704 0.376779
2432.99 0.808704 0.376779
2434.18 0.808704 0.376779
2435.38 0.808704 0.376779
2436.57 0.808704 0.376779
2437.76 0.808704 0.376779
2438.96 0.808704 0.376779
2440.15 0.808704 0.376779
2441.35 0.808704 0.376779
2442.54 0.808704 0.376779
2443.73 0.808704 0.376779
2444.93 0.808704 0.376779
2446.12 0.808704 0.376779
2447.31 0.808704 0.376779
2448.51 0.808704 0.376779
2449.7 0.808704 0.376779
2450.9 0.808704 0.376779
2452.09 0.808704 0.376779
2453.28 0.808704 0.376779
2454.48 0.808704 0.376779
2455.67 0.808704 0.376779
2456.86 0.808704 0.376779
2458.06 0.808704 0.376779
2459.25 0.808704 0.376779
2460.45 0.808704 0.376779
2461.64 0.808704 0.376779
2462.83 0.808704 0.376779
2464.03 0.808704 0.376779
2465.22 0.808704 0.376779
2466.42 0.808704 0.376779
2467.61 0.808704 0.376779
2468.8 0.808704 0.376779
2470 0.808704 0.376779
2471.19 0.808704 0.376779
2472.38 0.808704 0.376779
2473.58 0.808704 0.376779
2474.77 0.808704 0.376779
2475.97 0.808704 0.376779
2477.16 0.808704 0.376779
2478.35 0.808704 0.376779
2479.55 0.808704 0.376779
2480.74 0.808704 0.376779
2481.93 0.808704 0.376779
2483.13 0.808704 0.376779
2484.32 0.808704 0.376779
2485.52 0.808704 0.376779
2486.71 0.808704 0.376779
2487.9 0.808704 0.376779
2489.1 0.808704 0.376779
2490.29 0.808704 0.376779
2491.49 0.808704 0.376779
2492.68 0.808704 0.376779
2493.87 0.808704 0.376779
2495.07 0.808704 0.376779
2496.26 0.808704 0.376779
2497.45 0.808704 0.376779
2498.65 0.808704 0.376779
2499.84 0.808704 0.376779
2501.04 0.808704 0.376779
2502.23 0.808704 0.376779
2503.42 0.808704 0.376779
2504.62 0.808704 0.376779
2505.81 0.808704 0.376779
2507 0.808704 0.376779
2508.2 0.808704 0.376779
2509.39 0.808704 0.376779
2510.59 0.808704 0.376779
2511.78 0.808704 0.376779
2512.97 0.808704 0.376779
2514.17 0.808704 0.376779
2515.36 0.808704 0.376779
2516.56 0.808704 0.376779
2517.75 0.808704 0.376779
2518.94 0.808704 0.376779
2520.14 0.808704 0.376779
2521.33 0.808704 0.376779
2522.52 0.808704 0.376779
2523.72 0.808704 0.376779
2524.91 0.808704 0.376779
2526.11 0.808704 0.376779
2527.3 0.808704 0.376779
2528.49 0.808704 0.376779
2529.69 0.808704 0.376779
2530.88 0.808704 0.376779
2532.07 0.808704 0.376779
2533.27 0.808704 0.376779
2534.46 0.808704 0.376779
2535.66 0.808704 0.376779
2536.85 0.808704 0.376779
2538.04 0.808704 0.376779
2539.24 0.808704 0.376779
2540.43 0.808704 0.376779
2541.63 0.808704 0.376779
2542.82 0.808704 0.376779
2544.01 0.808704 0.376779
2545.21 0.808704 0.376779
2546.4 0.808704 0.376779
2547.59 0.808704 0.376779
2548.79 0.808704 0.376779
2549.98 0.808704 0.376779
2551.18 0.808704 0.376779
2552.37 0.808704 0.376779
2553.56 0.808704 0.376779
2554.76 0.808704 0.376779
2555.95 0.808704 0.376779
2557.14 0.808704 0.376779
2558.34 0.808704 0.376779
2559.53 0.808704 0.376779
2560.73 0.808704 0.376779
2561.92 0.808704 0.376779
2563.11 0.808704 0.376779
2564.31 0.808704 0.376779
2565.5 0.808704 0.376779
2566.7 0.808704 0.376779
2567.89 0.808704 0.376779
2569.08 0.808704 0.376779
2570.28 0.808704 0.376779
2571.47 0.808704 0.376779
2572.66 0.808704 0.376779
2573.86 0.808704 0.376779
2575.05 0.808704 0.376779
2576.25 0.808704 0.376779
2577.44 0.808704 0.376779
2578.63 0.808704 0.376779
2579.83 0.808704 0.376779
2581.02 0.808704 0.376779
2582.21 0.808704 0.376779
2583.41 0.808704 0.376779
2584.6 0.808704 0.376779
2585.8 0.808704 0.376779
2586.99 0.808704 0.376779
2588.18 0.808704 0.376779
2589.38 0.808704 0.376779
2590.57 0.808704 0.376779
2591.77 0.808704 0.376779
2592.96 0.808704 0.376779
2594.15 0.808704 0.376779
2595.35 0.808704 0.376779
2596.54 0.808704 0.376779
2597.73 0.808704 0.376779
2598.93 0.808704 0.376779
2600.12 0.808704 0.376779
2601.32 0.808704 0.376779
2602.51 0.808704 0.376779
2603.7 0.808704 0.376779
2604.9 0.808704 0.376779
2606.09 0.808704 0.376779
2607.28 0.808704 0.376779
2608.48 0.808704 0.376779
2609.67 0.808704 0.376779
2610.87 0.808704 0.376779
2612.06 0.808704 0.376779
2613.25 0.808704 0.376779
2614.45 0.808704 0.376779
2615.64 0.808704 0.376779
2616.84 0.808704 0.376779
2618.03 0.808704 0.376779
2619.22 0.808704 0.376779
2620.42 0.808704 0.376779
2621.61 0.808704 0.376779
2622.8 0.808704 0.376779
2624 0.808704 0.376779
2625.19 0.808704 0.376779
2626.39 0.808704 0.376779
2627.58 0.808704 0.376779
2628.77 0.808704 0.376779
2629.97 0.808704 0.376779
2631.16 0.808704 0.376779
2632.35 0.808704 0.376779
2633.55 0.808704 0.376779
2634.74 0.808704 0.376779
2635.94 0.808704 0.376779
2637.13 0.808704 0.376779
2638.32 0.808704 0.376779
2639.52 0.808704 0.376779
2640.71 0.808704 0.376779
2641.91 0.808704 0.376779
2643.1 0.808704 0.376779
2644.29 0.808704 0.376779
2645.49 0.808704 0.376779
2646.68 0.808704 0.376779
2647.87 0.808704 0.376779
2649.07 0.808704 0.376779
2650.26 0.808704 0.376779
2651.46 0.808704 0.376779
2652.65 0.808704 0.376779
2653.84 0.808704 0.376779
2655.04 0.808704 0.376779
2656.23 0.808704 0.376779
2657.42 0.808704 0.376779
2658.62 0.808704 0.376779
2659.81 0.808704 0.376779
2661.01 0.808704 0.376779
2662.2 0.808704 0.376779
2663.39 0.808704 0.376779
2664.59 0.808704 0.376779
2665.78 0.808704 0.376779
2666.98 0.808704 0.376779
2668.17 0.808704 0.376779
2669.36 0.808704 0.376779
2670.56 0.808704 0.376779
2671.75 0.808704 0.376779
2672.94 0.808704 0.376779
2674.14 0.808704 0.376779
2675.33 0.808704 0.376779
2676.53 0.808704 0.376779
2677.72 0.808704 0.376779
2678.91 0.808704 0.376779
2680.11 0.808704 0.376779
2681.3 0.808704 0.376779
2682.5 0.808704 0.376779
2683.69 0.808704 0.376779
2684.88 0.808704 0.376779
2686.08 0.808704 0.376779
2687.27 0.808704 0.376779
2688.46 0.808704 0.376779
2689.66 0.808704 0.376779
2690.85 0.808704 0.376779
2692.05 0.808704 0.376779
2693.24 0.808704 0.376779
2694.43 0.808704 0.376779
2695.63 0.808704 0.376779
2696.82 0.808704 0.376779
2698.01 0.808704 0.376779
2699.21 0.808704 0.376779
2700.4 0.808704 0.376779
2701.6 0.808704 0.376779
2702.79 0.808704 0.376779
2703.98 0.808704 0.376779
2705.18 0.808704 0.376779
2706.37 0.808704 0.376779
2707.57 0.808704 0.376779
2708.76 0.808704 0.376779
2709.95 0.808704 0.376779
2711.15 0.808704 0.376779
2712.34 0.808704 0.376779
2713.53 0.808704 0.376779
2714.73 0.808704 0.376779
2715.92 0.808704 0.376779
2717.12 0.808704 0.376779
2718.31 0.808704 0.376779
2719.5 0.808704 0.376779
2720.7 0.808704 0.376779
2721.89 0.808704 0.376779
2723.08 0.808704 0.376779
2724.28 0.808704 0.376779
2725.47 0.808704 0.376779
2726.67 0.808704 0.376779
2727.86 0.808704 0.376779
2729.05 0.808704 0.376779
2730.25 0.808704 0.376779
2731.44 0.808704 0.376779
2732.64 0.808704 0.376779
2733.83 0.808704 0.376779
2735.02 0.808704 0.376779
2736.22 0.808704 0.376779
2737.41 0.808704 0.376779
2738.6 0.808704 0.376779
2739.8 0.808704 0.376779
2740.99 0.808704 0.376779
2742.19 0.808704 0.376779
2743.38 0.808704 0.376779
2744.57 0.808704 0.376779
2745.77 0.808704 0.376779
2746.96 0.808704 0.376779
2748.15 0.808704 0.376779
2749.35 0.808704 0.376779
2750.54 0.808704 0.376779
2751.74 0.808704 0.376779
2752.93 0.808704 0.376779
2754.12 0.808704 0.376779
2755.32 0.808704 0.376779
2756.51 0.808704 0.376779
2757.71 0.808704 0.376779
2758.9 0.808704 0.376779
2760.09 0.808704 0.376779
2761.29 0.808704 0.376779
2762.48 0.808704 0.376779
2763.67 0.808704 0.376779
2764.87 0.808704 0.376779
2766.06 0.808704 0.376779
2767.26 0.808704 0.376779
2768.45 0.808704 0.376779
2769.64 0.808704 0.376779
2770.84 0.808704 0.376779
2772.03 0.808704 0.376779
2773.22 0.808704 0.376779
2774.42 0.808704 0.376779
2775.61 0.808704 0.376779
2776.81 0.808704 0.376779
2778 0.808704 0.376779
2779.19 0.808704 0.376779
2780.39 0.808704 0.376779
2781.58 0.808704 0.376779
2782.78 0.808704 0.376779
2783.97 0.808704 0.376779
2785.16 0.808704 0.376779
2786.36 0.808704 0.376779
2787.55 0.808704 0.376779
2788.74 0.808704 0.376779
2789.94 0.808704 0.376779
2791.13 0.808704 0.376779
2792.33 0.808704 0.376779
2793.52 0.808704 0.376779
2794.71 0.808704 0.376779
2795.91 0.808704 0.376779
2797.1 0.808704 0.376779
2798.29 0.808704 0.376779
2799.49 0.808704 0.376779
2800.68 0.808704 0.376779
2801.88 0.808704 0.376779
2803.07 0.808704 0.376779
2804.26 0.808704 0.376779
2805.46 0.808704 0.376779
2806.65 0.808704 0.376779
2807.85 0.808704 0.376779
2809.04 0.808704 0.376779
2810.23 0.808704 0.376779
2811.43 0.808704 0.376779
2812.62 0.808704 0.376779
2813.81 0.808704 0.376779
2815.01 0.808704 0.376779
2816.2 0.808704 0.376779
2817.4 0.808704 0.376779
2818.59 0.808704 0.376779
2819.78 0.808704 0.376779
2820.98 0.808704 0.376779
2822.17 0.808704 0.376779
2823.36 0.808704 0.376779
2824.56 0.808704 0.376779
2825.75 0.808704 0.376779
2826.95 0.808704 0.376779
2828.14 0.808704 0.376779
2829.33 0.808704 0.376779
2830.53 0.808704 0.376779
2831.72 0.808704 0.376779
2832.92 0.808704 0.376779
2834.11 0.808704 0.376779
2835.3 0.808704 0.376779
2836.5 0.808704 0.376779
2837.69 0.808704 0.376779
2838.88 0.808704 0.376779
2840.08 0.808704 0.376779
2841.27 0.808704 0.376779
2842.47 0.808704 0.376779
2843.66 0.808704 0.376779
2844.85 0.808704 0.376779
2846.05 0.808704 0.376779
2847.24 0.808704 0.376779
2848.43 0.808704 0.376779
2849.63 0.808704 0.376779
2850.82 0.808704 0.376779
2852.02 0.808704 0.376779
2853.21 0.808704 0.376779
2854.4 0.808704 0.376779
2855.6 0.808704 0.376779
2856.79 0.808704 0.376779
2857.99 0.808704 0.376779
2859.18 0.808704 0.376779
2860.37 0.808704 0.376779
2861.57 0.808704 0.376779
2862.76 0.808704 0.376779
2863.95 0.808704 0.376779
2865.15 0.808704 0.376779
2866.34 0.808704 0.376779
2867.54 0.808704 0.376779
2868.73 0.808704 0.376779
2869.92 0.808704 0.376779
2871.12 0.808704 0.376779
2872.31 0.808704 0.376779
2873.5 0.808704 0.376779
2874.7 0.808704 0.376779
2875.89 0.808704 0.376779
2877.09 0.808704 0.376779
2878.28 0.808704 0.376779
2879.47 0.808704 0.376779
2880.67 0.808704 0.376779
2881.86 0.808704 0.376779
2883.06 0.808704 0.376779
2884.25 0.808704 0.376779
2885.44 0.808704 0.376779
2886.64 0.808704 0.376779
2887.83 0.808704 0.376779
2889.02 0.808704 0.376779
2890.22 0.808704 0.376779
2891.41 0.808704 0.376779
2892.61 0.808704 0.376779
2893.8 0.808704 0.376779
2894.99 0.808704 0.376779
2896.19 0.808704 0.376779
2897.38 0.808704 0.376779
2898.57 0.808704 0.376779
2899.77 0.808704 0.376779
2900.96 0.808704 0.376779
2902.16 0.808704 0.376779
2903.35 0.808704 0.376779
2904.54 0.808704 0.376779
2905.74 0.808704 0.376779
2906.93 0.808704 0.376779
2908.13 0.808704 0.376779
2909.32 0.808704 0.376779
2910.51 0.808704 0.376779
2911.71 0.808704 0.376779
2912.9 0.808704 0.376779
2914.09 0.808704 0.376779
2915.29 0.808704 0.376779
2916.48 0.808704 0.376779
2917.68 0.808704 0.376779
2918.87 0.808704 0.376779
2920.06 0.808704 0.376779
2921.26 0.808704 0.376779
2922.45 0.808704 0.376779
2923.64 0.808704 0.376779
2924.84 0.808704 0.376779
2926.03 0.808704 0.376779
2927.23 0.808704 0.376779
2928.42 0.808704 0.376779
2929.61 0.808704 0.376779
2930.81 0.808704 0.376779
2932 0.808704 0.376779
2933.2 0.808704 0.376779
2934.39 0.808704 0.376779
2935.58 0.808704 0.376779
2936.78 0.808704 0.376779
2937.97 0.808704 0.376779
2939.16 0.808704 0.376779
2940.36 0.808704 0.376779
2941.55 0.808704 0.376779
2942.75 0.808704 0.376779
2943.94 0.808704 0.376779
2945.13 0.808704 0.376779
2946.33 0.808704 0.376779
2947.52 0.808704 0.376779
2948.72 0.808704 0.376779
2949.91 0.808704 0.376779
2951.1 0.808704 0.376779
2952.3 0.808704 0.376779
2953.49 0.808704 0.376779
2954.68 0.808704 0.376779
2955.88 0.808704 0.376779
2957.07 0.808704 0.376779
2958.27 0.808704 0.376779
2959.46 0.808704 0.376779
2960.65 0.808704 0.376779
2961.85 0.808704 0.376779
2963.04 0.808704 0.376779
2964.23 0.808704 0.376779
2965.43 0.808704 0.376779
2966.62 0.808704 0.376779
2967.82 0.808704 0.376779
2969.01 0.808704 0.376779
2970.2 0.808704 0.376779
2971.4 0.808704 0.376779
2972.59 0.808704 0.376779
2973.79 0.808704 0.376779
2974.98 0.808704 0.376779
2976.17 0.808704 0.376779
2977.37 0.808704 0.376779
2978.56 0.808704 0.376779
2979.75 0.808704 0.376779
2980.95 0.808704 0.376779
2982.14 0.808704 0.376779
2983.34 0.808704 0.376779
2984.53 0.808704 0.376779
2985.72 0.808704 0.376779
2986.92 0.808704 0.376779
2988.11 0.808704 0.376779
2989.3 0.808704 0.376779
2990.5 0.808704 0.376779
2991.69 0.808704 0.376779
2992.89 0.808704 0.376779
2994.08 0.808704 0.376779
2995.27 0.808704 0.376779
2996.47 0.808704 0.376779
2997.66 0.808704 0.376779
2998.86 0.808704 0.376779
3000.05 0.808704 0.376779
3001.24 0.808704 0.376779
3002.44 0.808704 0.376779
3003.63 0.808704 0.376779
3004.82 0.808704 0.376779
3006.02 0.808704 0.376779
3007.21 0.808704 0.376779
3008.41 0.808704 0.376779
3009.6 0.808704 0.376779
3010.79 0.808704 0.376779
3011.99 0.808704 0.376779
3013.18 0.808704 0.376779
3014.37 0.808704 0.376779
3015.57 0.808704 0.376779
3016.76 0.808704 0.376779
3017.96 0.808704 0.376779
3019.15 0.808704 0.376779
3020.34 0.808704 0.376779
3021.54 0.808704 0.376779
3022.73 0.808704 0.376779
3023.93 0.808704 0.376779
3025.12 0.808704 0.376779
3026.31 0.808704 0.376779
3027.51 0.808704 0.376779
3028.7 0.808704 0.376779
3029.89 0.808704 0.376779
3031.09 0.808704 0.376779
3032.28 0.808704 0.376779
3033.48 0.808704 0.376779
3034.67 0.808704 0.376779
3035.86 0.808704 0.376779
3037.06 0.808704 0.376779
3038.25 0.808704 0.376779
3039.44 0.808704 0.376779
3040.64 0.808704 0.376779
3041.83 0.808704 0.376779
3043.03 0.808704 0.376779
3044.22 0.808704 0.376779
3045.41 0.808704 0.376779
3046.61 0.808704 0.376779
3047.8 0.808704 0.376779
3049 0.808704 0.376779
3050.19 0.808704 0.376779
3051.38 0.808704 0.376779
3052.58 0.808704 0.376779
3053.77 0.808704 0.376779
3054.96 0.808704 0.376779
3056.16 0.808704 0.376779
3057.35 0.808704 0.376779
3058.55 0.808704 0.376779
3059.74 0.808704 0.376779
3060.93 0.808704 0.376779
3062.13 0.808704 0.376779
3063.32 0.808704 0.376779
3064.51 0.808704 0.376779
3065.71 0.808704 0.376779
3066.9 0.808704 0.376779
3068.1 0.808704 0.376779
3069.29 0.808704 0.376779
3070.48 0.808704 0.376779
3071.68 0.808704 0.376779
3072.87 0.808704 0.376779
3074.07 0.808704 0.376779
3075.26 0.808704 0.376779
3076.45 0.808704 0.376779
3077.65 0.808704 0.376779
3078.84 0.808704 0.376779
3080.03 0.808704 0.376779
3081.23 0.808704 0.376779
3082.42 0.808704 0.376779
3083.62 0.808704 0.376779
3084.81 0.808704 0.376779
3086 0.808704 0.376779
3087.2 0.808704 0.376779
3088.39 0.808704 0.376779
3089.58 0.808704 0.376779
3090.78 0.808704 0.376779
3091.97 0.808704 0.376779
3093.17 0.808704 0.376779
3094.36 0.808704 0.376779
3095.55 0.808704 0.376779
3096.75 0.808704 0.376779
3097.94 0.808704 0.376779
3099.14 0.808704 0.376779
3100.33 0.808704 0.376779
3101.52 0.808704 0.376779
3102.72 0.808704 0.376779
3103.91 0.808704 0.376779
3105.1 0.808704 0.376779
3106.3 0.808704 0.376779
3107.49 0.808704 0.376779
3108.69 0.808704 0.376779
3109.88 0.808704 0.376779
3111.07 0.808704 0.376779
3112.27 0.808704 0.376779
3113.46 0.808704 0.376779
3114.65 0.808704 0.376779
3115.85 0.808704 0.376779
3117.04 0.808704 0.376779
3118.24 0.808704 0.376779
3119.43 0.808704 0.376779
3120.62 0.808704 0.376779
3121.82 0.808704 0.376779
3123.01 0.808704 0.376779
3124.21 0.808704 0.376779
3125.4 0.808704 0.376779
3126.59 0.808704 0.376779
3127.79 0.808704 0.376779
3128.98 0.808704 0.376779
3130.17 0.808704 0.376779
3131.37 0.808704 0.376779
3132.56 0.808704 0.376779
3133.76 0.808704 0.376779
3134.95 0.808704 0.376779
3136.14 0.808704 0.376779
3137.34 0.808704 0.376779
3138.53 0.808704 0.376779
3139.72 0.808704 0.376779
3140.92 0.808704 0.376779
3142.11 0.808704 0.376779
3143.31 0.808704 0.376779
3144.5 0.808704 0.376779
3145.69 0.808704 0.376779
3146.89 0.808704 0.376779
3148.08 0.808704 0.376779
3149.28 0.808704 0.376779
3150.47 0.808704 0.376779
3151.66 0.808704 0.376779
3152.86 0.808704 0.376779
3154.05 0.808704 0.376779
3155.24 0.808704 0.376779
3156.44 0.808704 0.376779
3157.63 0.808704 0.376779
3158.83 0.808704 0.376779
3160.02 0.808704 0.376779
3161.21 0.808704 0.376779
3162.41 0.808704 0.376779
3163.6 0.808704 0.376779
3164.79 0.808704 0.376779
3165.99 0.808704 0.376779
3167.18 0.808704 0.376779
3168.38 0.808704 0.376779
3169.57 0.808704 0.376779
3170.76 0.808704 0.376779
3171.96 0.808704 0.376779
3173.15 0.808704 0.376779
3174.35 0.808704 0.376779
3175.54 0.808704 0.376779
3176.73 0.808704 0.376779
3177.93 0.808704 0.376779
3179.12 0.808704 0.376779
3180.31 0.808704 0.376779
3181.51 0.808704 0.376779
3182.7 0.808704 0.376779
3183.9 0.808704 0.376779
3185.09 0.808704 0.376779
3186.28 0.808704 0.376779
3187.48 0.808704 0.376779
3188.67 0.808704 0.376779
3189.87 0.808704 0.376779
3191.06 0.808704 0.376779
3192.25 0.808704 0.376779
3193.45 0.808704 0.376779
3194.64 0.808704 0.376779
3195.83 0.808704 0.376779
3197.03 0.808704 0.376779
3198.22 0.808704 0.376779
3199.42 0.808704 0.376779
3200.61 0.808704 0.376779
3201.8 0.808704 0.376779
3203 0.808704 0.376779
3204.19 0.808704 0.376779
3205.38 0.808704 0.376779
3206.58 0.808704 0.376779
3207.77 0.808704 0.376779
3208.97 0.808704 0.376779
3210.16 0.808704 0.376779
3211.35 0.808704 0.376779
3212.55 0.808704 0.376779
3213.74 0.808704 0.376779
3214.94 0.808704 0.376779
3216.13 0.808704 0.376779
3217.32 0.808704 0.376779
3218.52 0.808704 0.376779
3219.71 0.808704 0.376779
3220.9 0.808704 0.376779
3222.1 0.808704 0.376779
3223.29 0.808704 0.376779
3224.49 0.808704 0.376779
3225.68 0.808704 0.376779
3226.87 0.808704 0.376779
3228.07 0.808704 0.376779
3229.26 0.808704 0.376779
3230.45 0.808704 0.376779
3231.65 0.808704 0.376779
3232.84 0.808704 0.376779
3234.04 0.808704 0.376779
3235.23 0.808704 0.376779
3236.42 0.808704 0.376779
3237.62 0.808704 0.376779
3238.81 0.808704 0.376779
3240.01 0.808704 0.376779
3241.2 0.808704 0.376779
3242.39 0.808704 0.376779
3243.59 0.808704 0.376779
3244.78 0.808704 0.376779
3245.97 0.808704 0.376779
3247.17 0.808704 0.376779
3248.36 0.808704 0.376779
3249.56 0.808704 0.376779
3250.75 0.808704 0.376779
3251.94 0.808704 0.376779
3253.14 0.808704 0.376779
3254.33 0.808704 0.376779
3255.52 0.808704 0.376779
3256.72 0.808704 0.376779
3257.91 0.808704 0.376779
3259.11 0.808704 0.376779
3260.3 0.808704 0.376779
3261.49 0.808704 0.376779
3262.69 0.808704 0.376779
3263.88 0.808704 0.376779
3265.08 0.808704 0.376779
3266.27 0.808704 0.376779
3267.46 0.808704 0.376779
3268.66 0.808704 0.376779
3269.85 0.808704 0.376779
3271.04 0.808704 0.376779
3272.24 0.808704 0.376779
3273.43 0.808704 0.376779
3274.63 0.808704 0.376779
3275.82 0.808704 0.376779
3277.01 0.808704 0.376779
3278.21 0.808704 0.376779
3279.4 0.808704 0.376779
3280.59 0.808704 0.376779
3281.79 0.808704 0.376779
3282.98 0.808704 0.376779
3284.18 0.808704 0.376779
3285.37 0.808704 0.376779
3286.56 0.808704 0.376779
3287.76 0.808704 0.376779
3288.95 0.808704 0.376779
3290.15 0.808704 0.376779
3291.34 0.808704 0.376779
3292.53 0.808704 0.376779
3293.73 0.808704 0.376779
3294.92 0.808704 0.376779
3296.11 0.808704 0.376779
3297.31 0.808704 0.376779
3298.5 0.808704 0.376779
3299.7 0.808704 0.376779
3300.89 0.808704 0.376779
3302.08 0.808704 0.376779
3303.28 0.808704 0.376779
3304.47 0.808704 0.376779
3305.66 0.808704 0.376779
3306.86 0.808704 0.376779
3308.05 0.808704 0.376779
3309.25 0.808704 0.376779
3310.44 0.808704 0.376779
3311.63 0.808704 0.376779
3312.83 0.808704 0.376779
3314.02 0.808704 0.376779
3315.22 0.808704 0.376779
3316.41 0.808704 0.376779
3317.6 0.808704 0.376779
3318.8 0.808704 0.376779
3319.99 0.808704 0.376779
3321.18 0.808704 0.376779
3322.38 0.808704 0.376779
3323.57 0.808704 0.376779
3324.77 0.808704 0.376779
3325.96 0.808704 0.376779
3327.15 0.808704 0.376779
3328.35 0.808704 0.376779
3329.54 0.808704 0.376779
3330.73 0.808704 0.376779
3331.93 0.808704 0.376779
3333.12 0.808704 0.376779
3334.32 0.808704 0.376779
3335.51 0.808704 0.376779
3336.7 0.808704 0.376779
3337.9 0.808704 0.376779
3339.09 0.808704 0.376779
3340.29 0.808704 0.376779
3341.48 0.808704 0.376779
3342.67 0.808704 0.376779
3343.87 0.808704 0.376779
3345.06 0.808704 0.376779
3346.25 0.808704 0.376779
3347.45 0.808704 0.376779
3348.64 0.808704 0.376779
3349.84 0.808704 0.376779
3351.03 0.808704 0.376779
3352.22 0.808704 0.376779
3353.42 0.808704 0.376779
3354.61 0.808704 0.376779
3355.8 0.808704 0.376779
3357 0.808704 0.376779
3358.19 0.808704 0.376779
3359.39 0.808704 0.376779
3360.58 0.808704 0.376779
3361.77 0.808704 0.376779
3362.97 0.808704 0.376779
3364.16 0.808704 0.376779
3365.36 0.808704 0.376779
3366.55 0.808704 0.376779
3367.74 0.808704 0.376779
3368.94 0.808704 0.376779
3370.13 0.808704 0.376779
3371.32 0.808704 0.376779
3372.52 0.808704 0.376779
3373.71 0.808704 0.376779
3374.91 0.808704 0.376779
3376.1 0.808704 0.376779
3377.29 0.808704 0.376779
3378.49 0.808704 0.376779
3379.68 0.808704 0.376779
3380.87 0.808704 0.376779
3382.07 0.808704 0.376779
3383.26 0.808704 0.376779
3384.46 0.808704 0.376779
3385.65 0.808704 0.376779
3386.84 0.808704 0.376779
3388.04 0.808704 0.376779
3389.23 0.808704 0.376779
3390.43 0.808704 0.376779
3391.62 0.808704 0.376779
3392.81 0.808704 0.376779
3394.01 0.808704 0.376779
3395.2 0.808704 0.376779
3396.39 0.808704 0.376779
3397.59 0.808704 0.376779
3398.78 0.808704 0.376779
3399.98 0.808704 0.376779
3401.17 0.808704 0.376779
3402.36 0.808704 0.376779
3403.56 0.808704 0.376779
3404.75 0.808704 0.376779
3405.94 0.808704 0.376779
3407.14 0.808704 0.376779
3408.33 0.808704 0.376779
3409.53 0.808704 0.376779
3410.72 0.808704 0.376779
3411.91 0.808704 0.376779
3413.11 0.808704 0.376779
3414.3 0.808704 0.376779
3415.5 0.808704 0.376779
3416.69 0.808704 0.376779
3417.88 0.808704 0.376779
3419.08 0.808704 0.376779
3420.27 0.808704 0.376779
3421.46 0.808704 0.376779
3422.66 0.808704 0.376779
3423.85 0.808704 0.376779
3425.05 0.808704 0.376779
3426.24 0.808704 0.376779
3427.43 0.808704 0.376779
3428.63 0.808704 0.376779
3429.82 0.808704 0.376779
3431.01 0.808704 0.376779
3432.21 0.808704 0.376779
3433.4 0.808704 0.376779
3434.6 0.808704 0.376779
3435.79 0.808704 0.376779
3436.98 0.808704 0.376779
3438.18 0.808704 0.376779
3439.37 0.808704 0.376779
3440.57 0.808704 0.376779
3441.76 0.808704 0.376779
3442.95 0.808704 0.376779
3444.15 0.808704 0.376779
3445.34 0.808704 0.376779
3446.53 0.808704 0.376779
3447.73 0.808704 0.376779
3448.92 0.808704 0.376779
3450.12 0.808704 0.376779
3451.31 0.808704 0.376779
3452.5 0.808704 0.376779
3453.7 0.808704 0.376779
3454.89 0.808704 0.376779
3456.09 0.808704 0.376779
3457.28 0.808704 0.376779
3458.47 0.808704 0.376779
3459.67 0.808704 0.376779
3460.86 0.808704 0.376779
3462.05 0.808704 0.376779
3463.25 0.808704 0.376779
3464.44 0.808704 0.376779
3465.64 0.808704 0.376779
3466.83 0.808704 0.376779
3468.02 0.808704 0.376779
3469.22 0.808704 0.376779
3470.41 0.808704 0.376779
3471.6 0.808704 0.376779
3472.8 0.808704 0.376779
3473.99 0.808704 0.376779
3475.19 0.808704 0.376779
3476.38 0.808704 0.376779
3477.57 0.808704 0.376779
3478.77 0.808704 0.376779
3479.96 0.808704 0.376779
3481.16 0.808704 0.376779
3482.35 0.808704 0.376779
3483.54 0.808704 0.376779
3484.74 0.808704 0.376779
3485.93 0.808704 0.376779
3487.12 0.808704 0.376779
3488.32 0.808704 0.376779
3489.51 0.808704 0.376779
3490.71 0.808704 0.376779
3491.9 0.808704 0.376779
3493.09 0.808704 0.376779
3494.29 0.808704 0.376779
3495.48 0.808704 0.376779
3496.67 0.808704 0.376779
3497.87 0.808704 0.376779
3499.06 0.808704 0.376779
3500.26 0.808704 0.376779
3501.45 0.808704 0.376779
3502.64 0.808704 0.376779
3503.84 0.808704 0.376779
3505.03 0.808704 0.376779
3506.23 0.808704 0.376779
3507.42 0.808704 0.376779
3508.61 0.808704 0.376779
3509.81 0.808704 0.376779
3511 0.808704 0.376779
3512.19 0.808704 0.376779
3513.39 0.808704 0.376779
3514.58 0.808704 0.376779
3515.78 0.808704 0.376779
3516.97 0.808704 0.376779
3518.16 0.808704 0.376779
3519.36 0.808704 0.376779
3520.55 0.808704 0.376779
3521.74 0.808704 0.376779
3522.94 0.808704 0.376779
3524.13 0.808704 0.376779
3525.33 0.808704 0.376779
3526.52 0.808704 0.376779
3527.71 0.808704 0.376779
3528.91 0.808704 0.376779
3530.1 0.808704 0.376779
3531.3 0.808704 0.376779
3532.49 0.808704 0.376779
3533.68 0.808704 0.376779
3534.88 0.808704 0.376779
3536.07 0.808704 0.376779
3537.26 0.808704 0.376779
3538.46 0.808704 0.376779
3539.65 0.808704 0.376779
3540.85 0.808704 0.376779
3542.04 0.808704 0.376779
3543.23 0.808704 0.376779
3544.43 0.808704 0.376779
3545.62 0.808704 0.376779
3546.81 0.808704 0.376779
3548.01 0.808704 0.376779
3549.2 0.808704 0.376779
3550.4 0.808704 0.376779
3551.59 0.808704 0.376779
3552.78 0.808704 0.376779
3553.98 0.808704 0.376779
3555.17 0.808704 0.376779
3556.37 0.808704 0.376779
3557.56 0.808704 0.376779
3558.75 0.808704 0.376779
3559.95 0.808704 0.376779
3561.14 0.808704 0.376779
3562.33 0.808704 0.376779
3563.53 0.808704 0.376779
3564.72 0.808704 0.376779
3565.92 0.808704 0.376779
3567.11 0.808704 0.376779
3568.3 0.808704 0.376779
3569.5 0.808704 0.376779
3570.69 0.808704 0.376779
3571.88 0.808704 0.376779
3573.08 0.808704 0.376779
3574.27 0.808704 0.376779
3575.47 0.808704 0.376779
3576.66 0.808704 0.376779
3577.85 0.808704 0.376779
3579.05 0.808704 0.376779
3580.24 0.808704 0.376779
3581.44 0.808704 0.376779
3582.63 0.808704 0.376779
3583.82 0.808704 0.376779
3585.02 0.808704 0.376779
3586.21 0.808704 0.376779
3587.4 0.808704 0.376779
3588.6 0.808704 0.376779
3589.79 0.808704 0.376779
3590.99 0.808704 0.376779
3592.18 0.808704 0.376779
3593.37 0.808704 0.376779
3594.57 0.808704 0.376779
3595.76 0.808704 0.376779
3596.95 0.808704 0.376779
3598.15 0.808704 0.376779
3599.34 0.808704 0.376779
3600.54 0.808704 0.376779
3601.73 0.808704 0.376779
