6.367 1.97683 0.753558
9.55049 4.2934 0.472321
12.734 2.14941 0.622896
15.9175 0.77695 1.33411
19.101 0.700384 0.290161
22.2845 3.67886 0.451604
25.468 1.09752 1.55895
28.6515 0.905472 0.0546966
31.835 1.01035 1.07249
35.0185 0.332708 1.22419
38.202 1.41176 0.963144
41.3855 1.61692 0.909922
44.569 2.8055 0.612859
47.7525 1.69584 1.73665
50.936 0.246282 0.321339
54.1195 0.453647 0.892953
57.303 0.536907 0.504201
60.4865 0.861896 0.576829
63.67 0.553172 0.575729
66.8535 5.12361 0.687083
70.037 2.08889 0.344719
73.2205 0.230035 0.0372692
76.404 2.32944 0.666358
79.5875 0.975489 0.0828172
82.7709 2.05934 0.271261
85.9544 0.0862029 0.346395
89.1379 7.02448 0.0645811
92.3214 2.21764 0.105548
95.5049 1.91821 0.175248
98.6884 1.41632 0.168166
101.872 0.907503 0.0701732
105.055 0.839423 0.0892274
108.239 6.57182 0.276008
111.422 0.0300621 0.0612869
114.606 2.46359 0.0606209
117.789 4.63171 0.379402
120.973 0.126119 0.557087
124.156 0.0444183 0.0239858
127.34 8.56145 0.0768341
130.523 1.44242 0.0758332
133.707 4.67332 0.320931
136.89 0.53767 0.707514
140.074 4.40713 0.185049
143.257 5.46828 0.0591902
146.441 0.190895 1.58955
149.624 0.0206817 0.660508
152.808 2.29192 0.75596
155.991 0.676539 0.12141
159.175 1.77055 0.0121875
162.358 1.01581 0.00282392
165.542 1.85478 0.188833
168.725 0.748763 1.96509
171.909 3.10425 0.515036
175.092 4.98021 0.509532
178.276 4.88732 1.83137
181.459 1.31203 1.12408
184.643 0.271759 0.211812
187.826 1.16759 0.303011
191.01 0.632303 0.522321
194.193 7.40161 0.70763
197.377 2.37124 0.41748
200.56 0.576526 0.619678
203.744 2.1218 0.559442
206.927 1.39728 0.215356
210.111 0.747262 0.20556
213.294 3.04255 0.335977
216.478 0.238804 0.212534
219.661 0.961462 0.536237
222.845 0.0752475 0.635406
226.028 0.851686 0.338766
229.212 0.335046 0.274904
232.395 9.10318 1.33495
235.579 1.69417 0.730212
238.762 0.23074 1.51157
241.946 1.39362 4.05923
245.129 5.17039 1.21555
248.313 1.56182 0.57358
251.496 3.32161 1.13036
254.68 1.16601 0.505129
257.863 0.0743309 0.0430052
261.047 1.028 0.362579
264.23 0.114208 1.20766
267.414 0.0368891 1.16195
270.597 3.18515 0.267752
273.781 3.04984 0.112977
276.964 1.47941 0.033522
280.148 0.435225 0.0112173
283.331 1.36971 0.152103
286.515 6.346 1.57933
289.698 1.99752 0.0194141
292.882 1.52504 0.582889
296.065 2.64214 0.163001
299.249 0.684129 0.571098
302.432 4.39378 0.534827
305.616 7.34346 0.224332
308.799 0.525256 0.141315
311.983 0.54309 1.73345
315.166 1.32369 0.404547
318.35 2.5105 0.176105
321.533 0.127759 0.341939
324.717 4.68307 0.715115
327.9 2.11517 0.118781
331.084 4.24239 0.0417706
334.267 1.43271 0.362749
337.451 2.05493 1.3619
340.634 1.39465 0.146695
343.818 5.21162 0.183363
347.001 0.572773 0.85223
350.185 5.16526 0.290183
353.368 0.863661 1.06689
356.552 0.000121774 1.23649
359.735 1.21918 0.959832
362.919 2.50593 1.83191
366.102 1.45311 0.145631
369.286 0.573408 0.787505
372.469 0.828145 0.143954
375.653 1.40401 0.0155986
378.836 0.367124 0.331703
382.02 2.28625 0.373698
385.203 0.453988 0.530271
388.387 3.0243 0.0750196
391.57 0.713238 0.0849852
394.754 2.6818 0.302568
397.937 4.03758 0.121475
401.121 0.396603 0.401724
404.304 2.81693 1.69238
407.488 3.02355 0.828578
410.671 0.539436 0.0522651
413.855 2.89438 0.526929
417.038 0.516243 0.207312
420.222 2.48802 0.0634123
423.405 1.78451 1.59154
426.589 3.93798 0.922697
429.772 2.67452 0.529728
432.956 1.58014 0.398885
436.139 3.40783 1.25493
439.323 0.542115 1.95535
442.506 4.64396 1.78932
445.69 2.76592 0.963275
448.873 2.71234 1.24426
452.057 4.09515 1.13406
455.24 3.26533 0.00799515
458.424 4.36205 0.0962005
461.607 9.24409 0.390478
464.791 0.00892391 0.612112
467.974 1.16263 0.088335
471.158 0.777912 0.12632
474.341 0.282877 0.152407
477.525 1.14637 1.18913
480.708 0.926185 1.94398
483.892 1.16592 0.892458
487.075 1.12198 0.0507477
490.259 3.28379 0.158562
493.442 0.865705 0.0329444
496.626 0.0309025 0.00689595
499.809 0.799133 0.0953599
502.993 0.634728 0.0563247
506.176 3.65852 0.168914
509.36 3.06871 0.489011
512.543 1.04825 0.779067
515.727 0.650984 0.0845807
518.91 1.42378 0.215377
522.094 1.34957 0.365439
525.277 1.28353 0.713698
528.461 1.24998 0.286751
531.644 1.56642 0.932247
534.828 2.37364 0.716408
538.011 4.13406 0.901448
541.195 0.432216 0.280864
544.378 0.0214179 0.19115
547.562 0.315157 0.131681
550.745 5.70339 0.0273828
553.929 1.48489 0.0480473
557.112 4.71482 0.219871
560.296 1.17789 1.92289
563.479 1.4188 0.0216017
566.663 1.78838 0.428031
569.846 0.341628 0.686277
573.03 1.70465 0.0827719
576.213 0.349826 1.8797
579.397 0.304891 1.40594
582.58 0.212954 0.36629
585.764 0.190557 0.368163
588.947 4.6126 0.305521
592.131 1.22245 0.702758
595.314 1.90953 0.238249
598.498 0.0603726 0.606461
601.681 3.20443 0.104997
604.865 0.810882 1.91895
608.048 1.54006 0.536401
611.232 1.79524 0.366635
614.415 2.13842 0.514461
617.599 0.377385 1.43711
620.782 0.195431 0.104194
623.966 2.20891 0.304932
627.149 6.07333 0.331022
630.333 2.86184 1.13444
633.516 0.806751 1.91626
636.7 1.29089 0.264693
639.883 1.66972 0.122911
643.067 1.69062 1.58951
646.25 2.0669 1.74355
649.434 0.212391 0.36326
652.617 0.199116 0.158961
655.801 4.02499 0.0201804
658.984 1.58322 0.336005
662.168 1.73043 0.174164
665.351 1.9093 0.175168
668.535 1.03833 0.00726555
671.718 8.79464 0.578156
674.902 1.03163 2.78417
678.085 0.816556 0.106726
681.269 3.6194 0.404366
684.452 1.00986 0.0405205
687.636 3.56105 0.204142
690.819 2.53146 0.651722
694.003 2.21085 0.657716
697.186 4.23222 0.331081
700.37 1.22832 0.203008
703.553 2.94861 0.321539
706.737 7.63542 1.05845
709.92 1.11479 0.0282596
713.104 1.31158 0.257105
716.287 0.654222 2.53981
719.471 2.62788 1.412
722.654 0.283885 2.89783
725.838 0.570047 0.0671667
729.021 4.88667 0.15949
732.205 1.07034 0.036077
735.388 0.265829 1.28082
738.572 0.313506 0.285909
741.755 0.862755 0.828875
744.939 3.49219 0.113139
748.122 0.772907 0.217847
751.306 0.954063 0.162882
754.489 1.78308 1.71446
757.673 1.74949 1.21175
760.856 0.943606 0.833615
764.04 0.354514 2.06457
767.223 2.70758 0.360693
770.407 2.08142 0.20786
773.59 1.30533 0.324242
776.774 1.04575 0.555983
779.957 7.0957 1.35449
783.141 0.0428764 0.474965
786.324 0.353606 0.538232
789.508 0.53404 0.313267
792.691 8.1827 0.190186
795.875 7.71994 0.308211
799.058 4.81722 0.42297
802.242 0.715917 0.280119
805.425 0.0591374 0.833206
808.608 0.87955 1.54747
811.792 0.406155 0.0299494
814.975 0.880839 0.354501
818.159 1.5804 0.257065
821.342 1.07604 0.684626
824.526 6.36926 0.743819
827.709 2.48701 0.250855
830.893 1.74872 1.26834
834.076 0.353065 0.199356
837.26 2.21763 0.743422
840.443 1.3565 0.279778
843.627 1.7965 1.53149
846.81 1.53688 0.312467
849.994 1.21939 0.251688
853.177 0.0188056 0.196326
856.361 2.58295 0.0737775
859.544 0.752784 0.712997
862.728 2.83336 1.78393
865.911 0.566687 0.625107
869.095 7.8727 0.533117
872.278 5.41782 0.0102094
875.462 1.27822 1.00817
878.645 2.30082 0.243848
881.829 5.54376 0.0613811
885.012 10.3981 0.440322
888.196 3.61538 0.0571707
891.379 3.85759 0.316886
894.563 4.80197 1.30801
897.746 0.875486 0.0859492
900.93 1.7307 1.23243
904.113 1.0494 1.53331
907.297 0.283533 1.54076
910.48 0.74457 2.07061
913.664 0.271501 0.0220194
916.847 0.837124 0.295727
920.031 1.82012 0.21403
923.214 1.90906 1.30454
926.398 0.598105 1.43077
929.581 0.346879 0.649261
932.765 2.16092 0.0477421
935.948 5.32191 0.170532
939.132 1.25276 0.0370897
942.315 1.41619 1.42984
945.499 1.25511 1.37004
948.682 2.76319 0.451662
951.866 0.850287 3.71755
955.049 2.00106 0.381662
958.233 0.0114469 2.33319
961.416 2.39854 0.238487
964.6 0.491918 0.0391762
967.783 0.813954 0.389646
970.967 2.20564 0.163411
974.15 1.24674 0.275251
977.334 1.97271 0.24702
980.517 1.97649 0.085934
983.701 2.35418 0.252401
986.884 3.79366 0.645834
990.068 0.0842354 4.34008
993.251 1.30783 0.766801
996.435 2.45271 1.00616
999.618 1.82657 1.32324
1002.8 0.265008 0.718891
1005.99 0.188366 0.0958799
1009.17 0.0482402 0.166165
1012.35 0.664301 0.442882
1015.54 0.43501 1.91273
1018.72 0.865078 0.067904
1021.9 6.06367 0.820832
1025.09 0.118661 1.64775
1028.27 4.89232 0.306297
1031.45 0.522865 0.0959665
1034.64 0.461042 0.641599
1037.82 0.0197371 0.0613911
1041 2.12396 0.522048
1044.19 0.223407 0.111094
1047.37 4.99173 0.0361908
1050.55 1.41001 0.0738663
1053.74 1.56215 2.34608
1056.92 0.231692 1.16747
1060.1 1.45438 0.189856
1063.29 0.590091 0.306308
1066.47 0.290866 0.253614
1069.66 1.1226 0.611637
1072.84 0.048881 0.339127
1076.02 2.38381 0.0435696
1079.21 5.39727 0.635787
1082.39 0.861706 0.461917
1085.57 3.94164 0.311552
1088.76 0.726235 0.232318
1091.94 1.81406 0.801941
1095.12 1.66508 0.559312
1098.31 2.41043 0.604364
1101.49 4.8418 0.0654191
1104.67 4.88245 0.0177749
1107.86 6.08982 0.310754
1111.04 3.50064 0.272573
1114.22 0.965479 0.0115849
1117.41 3.23975 1.11005
1120.59 2.20775 0.151284
1123.77 1.69539 0.0535026
1126.96 0.0192014 0.0632257
1130.14 0.342802 0.0410633
1133.33 0.554125 1.16392
1136.51 0.124705 0.492155
1139.69 4.75729 0.365736
1142.88 0.888256 0.133583
1146.06 1.2249 0.450763
1149.24 0.160628 0.912526
1152.43 1.0814 1.57212
1155.61 0.948424 1.35624
1158.79 4.50722 1.26408
1161.98 0.470981 2.622
1165.16 1.90683 0.272048
1168.34 2.26205 0.283337
1171.53 1.762 0.181397
1174.71 0.492335 0.686932
1177.89 0.225674 0.445881
1181.08 1.10754 0.104502
1184.26 1.93714 2.11874
1187.44 2.06584 0.118032
1190.63 0.410189 0.0509228
1193.81 8.2801 0.762966
1197 0.875734 0.425122
1200.18 3.98224 0.478439
1203.36 1.1818 0.441334
1206.55 2.81775 1.25929
1209.73 1.22107 0.000830588
1212.91 8.45222 0.229841
1216.1 2.27023 0.368051
1219.28 2.42388 0.245776
1222.46 3.27855 1.74055
1225.65 1.13966 0.283676
1228.83 0.148053 0.941783
1232.01 0.578062 0.168535
1235.2 3.26251 0.108948
1238.38 2.81179 0.208949
1241.56 0.47454 0.408681
1244.75 1.6868 1.11564
1247.93 8.11464 0.334022
1251.11 0.180978 1.02236
1254.3 8.15318 0.102034
1257.48 0.62425 0.0470099
1260.67 1.14934 0.0683164
1263.85 1.24437 0.169861
1267.03 6.02365 0.0750153
1270.22 2.07711 1.61792
1273.4 5.89819 0.166385
1276.58 0.55925 0.396284
1279.77 0.016492 0.612499
1282.95 2.59909 0.284317
1286.13 1.9943 0.740732
1289.32 1.33767 0.26026
1292.5 2.33542 0.88172
1295.68 2.42732 0.583186
1298.87 0.195589 1.24479
1302.05 0.186722 0.143285
1305.23 2.07904 0.309529
1308.42 2.85 0.449079
1311.6 0.343844 0.000327672
1314.78 0.146531 0.0393979
1317.97 0.942168 1.61643
1321.15 2.02813 1.17259
1324.34 0.376314 0.104003
1327.52 2.85824 0.0737495
1330.7 4.24007 0.608776
1333.89 0.0574067 0.391646
1337.07 0.183586 0.0303649
1340.25 3.09525 0.75327
1343.44 1.34216 0.113935
1346.62 2.42978 1.02007
1349.8 1.95515 1.28369
1352.99 1.88287 0.316301
1356.17 2.67049 0.434954
1359.35 7.93904 0.801997
1362.54 0.37483 0.710812
1365.72 0.0762623 0.743668
1368.9 4.09945 0.396429
1372.09 0.300539 0.266831
1375.27 0.601843 1.54075
1378.45 2.60335 0.248974
1381.64 1.42575 1.98131
1384.82 0.643562 0.178168
1388.01 2.23457 0.406237
1391.19 0.978777 0.123122
1394.37 1.94748 0.236955
1397.56 0.502143 0.355305
1400.74 0.681565 0.26529
1403.92 8.41405 0.789489
1407.11 0.462917 0.205421
1410.29 1.03751 0.906243
1413.47 2.53828 0.253442
1416.66 7.29755 0.798843
1419.84 13.1257 1.20571
1423.02 0.101837 0.399799
1426.21 1.51139 0.503384
1429.39 0.195612 0.413708
1432.57 5.93578 0.592889
1435.76 0.821083 0.323424
1438.94 2.62884 0.256803
1442.12 0.676208 0.0367317
1445.31 0.476938 1.50463
1448.49 6.07965 0.244306
1451.68 2.84012 0.07391
1454.86 3.03427 0.0351353
1458.04 0.201165 0.0608549
1461.23 2.87604 0.501527
1464.41 0.804837 0.251442
1467.59 1.87746 0.226628
1470.78 1.80503 0.437048
1473.96 0.115557 1.38856
1477.14 2.09672 1.0522
1480.33 0.615465 0.0235921
1483.51 2.97406 0.146674
1486.69 2.27481 0.0263236
1489.88 2.8601 0.0630383
1493.06 3.10919 1.02895
1496.24 5.92372 0.0981716
1499.43 0.395481 1.00882
1502.61 4.38076 0.154767
1505.79 0.611409 0.733914
1508.98 8.34907 0.223369
1512.16 1.09624 0.245664
1515.35 3.48115 1.01309
1518.53 0.844957 2.18563
1521.71 4.88784 0.206205
1524.9 1.27866 0.254335
1528.08 2.40574 0.443108
1531.26 2.03838 1.32136
1534.45 0.276343 0.585137
1537.63 1.48823 0.368568
1540.81 0.318595 0.228318
1544 1.48655 0.785217
1547.18 0.723057 1.26804
1550.36 0.894284 0.116515
1553.55 1.29185 0.423511
1556.73 3.43101 0.131834
1559.91 0.172863 0.205704
1563.1 3.43827 0.53652
1566.28 0.0214071 0.981666
1569.46 2.73848 0.491463
1572.65 2.64907 0.406791
1575.83 2.18365 1.07739
1579.02 1.17501 0.885011
1582.2 0.0716774 0.233899
1585.38 4.1637 0.424181
1588.57 0.576179 0.0616692
1591.75 0.0914367 1.67237
1594.93 1.95063 0.678324
1598.12 5.56409 0.00606881
1601.3 5.87691 0.740186
1604.48 1.87777 1.26977
1607.67 0.270911 0.0186846
1610.85 0.291982 1.84325
1614.03 1.70747 0.0682188
1617.22 3.48631 0.36606
1620.4 2.63819 0.318225
1623.58 13.7004 0.167573
1626.77 0.578954 0.839604
1629.95 2.99854 0.58134
1633.13 0.57174 1.78017
1636.32 5.88447 1.13169
1639.5 4.5975 0.122997
1642.68 0.303083 0.0831131
1645.87 0.640835 0.0423134
1649.05 2.27518 2.01016
1652.24 1.31614 0.258463
1655.42 5.58964 0.184979
1658.6 4.66195 0.447687
1661.79 1.68838 0.22852
1664.97 0.86834 0.780166
1668.15 0.682705 0.337393
1671.34 1.49274 1.1514
1674.52 0.883023 2.08826
1677.7 0.0307166 0.00816047
1680.89 1.17485 0.17752
1684.07 1.32486 0.158983
1687.25 5.83394 0.939906
1690.44 1.44446 0.489937
1693.62 0.572935 0.325428
1696.8 1.64432 0.00685205
1699.99 3.92747 0.0521791
1703.17 5.17452 2.02037
1706.35 2.25318 0.0989441
1709.54 5.29926 1.70496
1712.72 0.451257 0.123401
1715.91 0.298117 0.0691817
1719.09 3.14011 2.2156
1722.27 2.88443 0.441229
1725.46 1.16846 0.893664
1728.64 0.614275 2.05292
1731.82 2.44651 0.576862
1735.01 1.09818 0.724097
1738.19 0.637678 0.44613
1741.37 3.40077 0.0768892
1744.56 0.140896 1.29781
1747.74 0.841667 0.853737
1750.92 2.68029 2.04775
1754.11 0.275789 0.482366
1757.29 0.681193 1.58952
1760.47 0.392918 1.05667
1763.66 3.26907 0.917812
1766.84 7.65423 0.041015
1770.02 1.34915 0.346025
1773.21 4.96912 0.330559
1776.39 1.03524 0.107249
1779.58 2.76957 0.182938
1782.76 8.4122 0.0214758
1785.94 0.507654 1.01688
1789.13 9.20623 1.14555
1792.31 0.619093 0.0702725
1795.49 0.171266 3.72697
1798.68 3.81891 0.55478
1801.86 1.01121 0.525079
1805.04 2.61922 0.13307
1808.23 0.394919 0.240681
1811.41 1.88278 0.197819
1814.59 0.594489 0.782406
1817.78 1.13539 0.941443
1820.96 6.30785 0.298863
1824.14 1.50979 0.690689
1827.33 0.440557 0.303529
1830.51 0.605181 0.423549
1833.69 2.72105 0.735344
1836.88 0.993833 0.603052
1840.06 2.27676 0.187766
1843.25 5.92222 1.86828
1846.43 9.68641 1.052
1849.61 0.0117243 0.603043
1852.8 5.02627 0.101746
1855.98 1.99168 1.33932
1859.16 0.075581 0.0109573
1862.35 3.19378 0.343122
1865.53 0.992942 1.54193
1868.71 1.4969 0.29501
1871.9 2.11104 0.53226
1875.08 2.67801 0.717068
1878.26 2.02528 0.183726
1881.45 2.9382 0.087396
1884.63 0.72018 1.55733
1887.81 5.1656 0.330004
1891 4.16463 0.274822
1894.18 0.625924 0.629095
1897.36 2.79253 1.20982
1900.55 2.4705 1.45452
1903.73 3.56683 0.276768
1906.92 2.29214 0.493203
1910.1 1.89499 0.202726
1913.28 0.340855 0.305718
1916.47 3.1021 1.7103
1919.65 2.036 1.181
1922.83 0.780332 0.253221
1926.02 2.54 1.01317
1929.2 2.29219 0.968896
1932.38 0.0705844 1.01707
1935.57 0.0207227 0.0314125
1938.75 3.36407 0.418839
1941.93 4.7735 0.0963682
1945.12 0.126741 0.503171
1948.3 1.5895 2.41875
1951.48 1.63021 0.0757568
1954.67 9.29277 0.168281
1957.85 1.30147 0.849821
1961.03 4.60398 0.501257
1964.22 3.24519 0.0663821
1967.4 0.329594 0.265563
1970.59 2.15488 0.331879
1973.77 1.08086 0.308186
1976.95 0.969628 0.038844
1980.14 1.36616 0.111301
1983.32 2.06893 0.0983804
1986.5 0.906949 0.52929
1989.69 8.652 0.430563
1992.87 0.575876 0.271388
1996.05 6.52315 0.486205
1999.24 9.92813 1.8669
2002.42 0.0766613 0.075962
2005.6 5.26674 0.912806
2008.79 0.680133 1.4886
2011.97 0.474636 0.851771
2015.15 1.52502 0.51144
2018.34 2.36437 2.32618
2021.52 2.26863 0.266926
2024.7 0.832411 0.610677
2027.89 5.61495 0.0218383
2031.07 0.226656 0.41842
2034.26 0.431045 0.82705
2037.44 0.368932 0.214563
2040.62 1.76868 0.477568
2043.81 0.566893 0.674591
2046.99 5.00189 0.0647628
2050.17 0.295809 2.44438
2053.36 6.07675 0.240821
2056.54 0.949033 0.241424
2059.72 1.10251 1.7603
2062.91 1.00422 0.289503
2066.09 2.61042 1.06682
2069.27 6.98183 0.0991827
2072.46 5.58594 0.063372
2075.64 2.56572 0.20911
2078.82 0.299023 0.952185
2082.01 0.611101 1.66706
2085.19 0.640167 0.0617582
2088.37 2.55956 0.879607
2091.56 1.75299 0.0331387
2094.74 1.8589 0.109947
2097.93 0.548941 0.723442
2101.11 3.13849 2.03907
2104.29 1.75837 3.09337
2107.48 0.985638 0.0227019
2110.66 9.10154 0.251225
2113.84 0.506091 1.20655
2117.03 2.32547 0.0404032
2120.21 0.636424 1.46707
2123.39 3.41428 0.48985
2126.58 0.187224 0.306944
2129.76 0.550369 0.307376
2132.94 1.64202 0.450103
2136.13 5.78712 0.189901
2139.31 0.480967 0.455983
2142.49 0.193453 1.78886
2145.68 1.60158 0.911739
2148.86 1.40175 0.281103
2152.04 0.00157788 0.695744
2155.23 3.57104 0.216833
2158.41 3.10093 0.997393
2161.6 2.02098 0.0469568
2164.78 2.8427 0.278448
2167.96 0.274971 0.700167
2171.15 0.244965 0.874571
2174.33 2.74344 0.476784
2177.51 4.7797 0.807397
2180.7 3.28582 0.19543
2183.88 3.34604 0.647234
2187.06 2.85502 0.894672
2190.25 3.56527 0.0224289
2193.43 4.42661 0.847059
2196.61 0.0302095 0.435556
2199.8 5.47964 0.192368
2202.98 0.0880269 0.0183948
2206.16 1.2415 0.352709
2209.35 1.39942 0.46598
2212.53 1.7171 0.253741
2215.71 2.42056 0.229969
2218.9 0.141119 0.487338
2222.08 0.742517 1.90301
2225.27 2.26133 0.580749
2228.45 0.824361 2.53516
2231.63 2.31885 0.86908
2234.82 1.23757 0.272988
2238 0.0496863 0.400661
2241.18 5.67792 1.45928
2244.37 0.342527 0.0153078
2247.55 0.35489 0.462237
2250.73 7.30801 0.671877
2253.92 0.682381 0.0781237
2257.1 1.6532 0.037175
2260.28 19.4277 0.0851495
2263.47 0.3397 0.694
2266.65 0.522217 0.064454
2269.83 4.33115 0.228353
2273.02 7.1852 0.176674
2276.2 1.14009 3.73564
2279.38 2.73561 1.73162
2282.57 0.361131 0.0676879
2285.75 2.35599 0.210695
2288.94 1.34681 0.642091
2292.12 5.26204 1.6415
2295.3 0.672403 0.726352
2298.49 1.02855 0.084722
2301.67 0.913611 0.731252
2304.85 0.812578 0.0658809
2308.04 0.551644 0.740764
2311.22 0.171329 0.943571
2314.4 1.89106 0.39636
2317.59 0.100071 1.48916
2320.77 0.145097 0.561201
2323.95 6.56306 0.463244
2327.14 0.235154 0.218469
2330.32 0.481712 1.39448
2333.5 4.88219 1.02045
2336.69 0.793749 0.679727
2339.87 7.74472 0.13123
2343.05 3.04083 1.1108
2346.24 1.01627 0.617681
2349.42 0.376469 1.37019
2352.61 1.0974 0.385683
2355.79 0.364651 0.0908005
2358.97 0.428386 1.06486
2362.16 1.88318 0.206669
2365.34 2.78579 1.88161
2368.52 0.807769 1.99789
2371.71 1.44978 0.971901
2374.89 0.626361 0.262005
2378.07 9.61778 0.643525
2381.26 0.640443 1.38376
2384.44 1.075 0.0185394
2387.62 0.295548 0.0714391
2390.81 0.356244 0.155061
2393.99 0.932592 1.08837
2397.17 1.09054 0.408666
2400.36 0.268191 0.660155
2403.54 3.49846 0.480431
2406.72 1.46329 0.533004
2409.91 2.17382 0.132375
2413.09 3.93673 0.551693
2416.27 0.481859 0.319726
2419.46 1.30223 0.936016
2422.64 4.32112 2.32571
2425.83 3.24284 1.27717
2429.01 1.53137 0.811955
2432.19 0.704575 1.4332
2435.38 3.25857 0.490252
2438.56 3.07718 1.53961
2441.74 0.200135 2.42987
2444.93 2.60801 0.0460161
2448.11 3.4504 0.758572
2451.29 1.06 1.42184
2454.48 1.39502 0.223448
2457.66 1.59023 0.725966
2460.84 0.846581 0.129396
2464.03 1.34287 0.212503
2467.21 3.24677 0.529536
2470.39 2.44193 1.13362
2473.58 2.51443 3.84597
2476.76 4.10275 0.321129
2479.94 0.585624 1.10196
2483.13 8.46321 0.25872
2486.31 0.317603 1.94293
2489.5 1.05048 0.700099
2492.68 0.0447631 0.433521
2495.86 1.4171 0.249401
2499.05 0.812065 0.155968
2502.23 2.41259 0.342709
2505.41 1.59464 0.768926
2508.6 1.02072 0.23935
2511.78 1.74192 0.0250402
2514.96 0.0879811 0.80881
2518.15 3.36905 0.881255
2521.33 2.9959 1.16513
2524.51 0.833584 2.31825
2527.7 3.58287 0.530174
2530.88 0.601151 0.0209208
2534.06 2.05821 0.0846451
2537.25 2.39328 1.03227
2540.43 0.925677 0.13153
2543.61 2.14359 0.82844
2546.8 0.665913 0.750466
2549.98 3.80594 0.0951047
2553.17 0.984015 0.318236
2556.35 1.53272 1.71948
2559.53 1.20214 0.133056
2562.72 1.96781 0.0675622
2565.9 2.80948 1.05377
2569.08 2.91141 0.324084
2572.27 1.33082 0.299657
2575.45 1.07221 1.28005
2578.63 3.43662 0.0330094
2581.82 0.392142 0.0714217
2585 0.567676 0.255347
2588.18 2.0248 0.595678
2591.37 0.56306 1.32497
2594.55 3.97807 0.652348
2597.73 0.0611229 0.903152
2600.92 1.96765 1.251
2604.1 0.539587 0.000220451
2607.28 1.99387 0.372047
2610.47 1.14776 0.0643976
2613.65 0.193718 0.971135
2616.84 0.0783555 0.321815
2620.02 6.40652 0.360677
2623.2 0.256986 1.93921
2626.39 1.32161 0.0487214
2629.57 2.51763 0.0413505
2632.75 8.88872 0.0997014
2635.94 3.11659 0.450867
2639.12 2.06687 0.381291
2642.3 0.609597 0.164893
2645.49 4.17653 1.22497
2648.67 1.021 0.365529
2651.85 5.44004 0.33602
2655.04 1.45965 0.323673
2658.22 2.30018 0.713148
2661.4 4.32587 0.109303
2664.59 6.61985 0.884623
2667.77 3.70735 0.284184
2670.95 3.40689 1.0225
2674.14 1.95333 0.150224
2677.32 0.111587 0.338597
2680.51 1.20705 1.05783
2683.69 0.0928041 0.019995
2686.87 0.970876 0.248487
2690.06 1.7832 0.974656
2693.24 0.0876261 0.436436
2696.42 2.42342 0.093332
2699.61 2.08268 0.0742934
2702.79 3.18851 0.714869
2705.97 0.289989 0.500612
2709.16 1.50201 0.782218
2712.34 0.543186 0.88147
2715.52 2.78372 0.0201002
2718.71 0.0224773 0.4347
2721.89 4.08284 0.157798
2725.07 6.12603 1.74497
2728.26 0.839977 0.262084
2731.44 1.13898 1.1189
2734.62 1.17006 0.137002
2737.81 1.62903 1.29573
2740.99 0.981399 0.958287
2744.18 1.85693 1.57055
2747.36 6.87834 0.146987
2750.54 5.02546 0.130894
2753.73 0.605568 0.109447
2756.91 4.157 0.394151
2760.09 1.11242 0.232897
2763.28 0.86469 0.0149127
2766.46 0.820319 0.0593107
2769.64 0.0898475 1.04832
2772.83 0.365027 0.0503215
2776.01 2.28218 1.07958
2779.19 0.0876764 0.861106
2782.38 3.17604 0.984322
2785.56 2.3868 0.00546077
2788.74 1.26202 0.189219
2791.93 0.0731867 0.290971
2795.11 1.59016 0.261315
2798.29 2.26343 0.224982
2801.48 1.44418 1.9097
2804.66 2.63114 0.932028
2807.85 1.01666 1.30892
2811.03 0.0667407 0.657897
2814.21 2.13919 2.18734
2817.4 2.4978 1.1064
2820.58 0.65225 0.388676
2823.76 2.34866 0.451409
2826.95 2.69564 0.854897
2830.13 0.782734 0.112646
2833.31 1.21248 0.232058
2836.5 1.06371 1.11655
2839.68 2.2049 0.471054
2842.86 1.00351 0.0452222
2846.05 2.73328 0.185851
2849.23 1.89847 0.148523
2852.41 0.22672 0.0934593
2855.6 2.3228 0.650076
2858.78 4.6501 0.999547
2861.96 7.21812 1.41222
2865.15 4.47309 0.494119
2868.33 6.48387 0.19548
2871.52 2.18876 0.208558
2874.7 2.08167 0.153862
2877.88 3.24565 0.236586
2881.07 1.80584 0.0172638
2884.25 0.542144 1.24423
2887.43 8.97174 0.585256
2890.62 0.589231 1.90606
2893.8 3.90022 0.561501
2896.98 8.08955 0.00804334
2900.17 2.16768 2.71074
2903.35 0.514804 0.249859
2906.53 0.634724 0.919649
2909.72 0.132534 2.0476
2912.9 0.430301 0.486703
2916.08 1.56847 0.396409
2919.27 1.25882 0.430966
2922.45 4.70448 1.18753
2925.63 1.55059 0.227409
2928.82 0.139636 0.337462
2932 1.08612 0.124481
2935.19 4.15393 2.11149
2938.37 0.0216164 0.135363
2941.55 1.04163 0.906174
2944.74 2.05462 0.564483
2947.92 2.62171 0.388462
2951.1 0.557126 0.232653
2954.29 10.0802 0.352867
2957.47 0.215364 0.119999
2960.65 1.55984 0.573639
2963.84 1.59263 0.0857323
2967.02 0.2741 0.0507166
2970.2 0.189177 0.36373
2973.39 0.118636 0.256129
2976.57 1.33224 1.20243
2979.75 2.55051 0.43904
2982.94 9.48648 0.562159
2986.12 5.42698 0.129548
2989.3 1.22312 0.443922
2992.49 1.99842 0.0945829
2995.67 3.21213 0.152937
2998.86 3.45559 0.237554
3002.04 0.266812 0.052336
3005.22 2.45426 0.0753518
3008.41 1.11959 1.1912
3011.59 0.239612 0.657881
3014.77 0.262293 0.560643
3017.96 4.80851 0.740418
3021.14 1.47205 0.490424
3024.32 3.67575 0.971563
3027.51 3.76959 0.761382
3030.69 4.17961 0.824225
3033.87 0.70032 0.367517
3037.06 7.82573 0.731744
3040.24 0.567654 0.575887
3043.42 1.23598 0.724903
3046.61 0.84714 0.416883
3049.79 3.2708 0.20143
3052.97 0.652977 0.226768
3056.16 5.83292 0.690452
3059.34 0.318629 0.0833936
3062.53 5.30751 0.514463
3065.71 0.0840356 0.00557461
3068.89 1.32258 0.462199
3072.08 2.72699 1.1106
3075.26 2.62451 0.357178
3078.44 2.51596 0.0750291
3081.63 3.11629 1.30043
3084.81 0.46028 1.04233
3087.99 2.13178 0.366817
3091.18 0.45838 0.0373675
3094.36 2.28943 1.73379
3097.54 1.01716 0.784737
3100.73 0.28285 0.122826
3103.91 0.569674 0.00559669
3107.09 0.618621 1.7165
3110.28 5.91262 0.751687
3113.46 1.97275 0.523205
3116.64 0.339129 1.25647
3119.83 0.228876 3.79163
3123.01 1.98514 0.1545
3126.2 0.996609 1.99805
3129.38 0.815173 0.109147
3132.56 1.30918 0.320424
3135.75 3.44959 0.106095
3138.93 2.58279 0.218275
3142.11 3.32856 0.0471732
3145.3 1.09497 0.0832946
3148.48 7.72405 0.484147
3151.66 8.6481 0.768133
3154.85 3.8595 0.116393
3158.03 3.91061 0.766019
3161.21 4.43339 0.741141
3164.4 5.69346 0.251337
3167.58 1.59813 0.266935
3170.76 1.69148 1.38402
3173.95 2.44954 1.24862
3177.13 4.00673 0.647884
3180.31 6.79331 0.940061
3183.5 0.371753 0.39248
3186.68 0.357064 0.41802
3189.87 0.971215 0.387854
3193.05 1.00369 0.173026
3196.23 0.132776 0.2165
3199.42 4.06881 0.111565
3202.6 0.663182 0.323771
3205.78 1.9306 0.187274
3208.97 0.686865 0.024
3212.15 1.66977 0.190102
3215.33 2.47912 0.777309
3218.52 3.15188 1.40636
3221.7 0.359393 0.119554
3224.88 0.267976 0.516934
3228.07 2.61941 0.258656
3231.25 0.220715 0.0383323
3234.43 3.28299 0.286499
3237.62 2.41794 2.46466
3240.8 2.27002 0.0943083
3243.98 1.4264 0.981246
3247.17 1.94613 0.462015
3250.35 0.0666785 0.302692
3253.53 1.73076 0.0392795
3256.72 2.8841 0.769161
3259.9 3.47143 1.7276
3263.09 0.584368 0.203449
3266.27 0.603841 0.0520965
3269.45 0.790556 0.0303247
3272.64 5.02636 0.174897
3275.82 6.96889 4.42198e-05
3279 0.322119 0.829622
3282.19 7.59216 0.0732681
3285.37 0.382259 0.28253
3288.55 1.75353 0.661531
3291.74 3.23579 0.412575
3294.92 0.556107 0.0932745
3298.1 3.57562 0.749739
3301.29 3.24596 0.438425
3304.47 0.187128 0.108054
3307.65 0.415345 0.229199
3310.84 0.400407 0.400027
3314.02 1.67729 1.02785
3317.2 0.340148 0.0865073
3320.39 1.55238 0.513386
3323.57 1.67382 0.731786
3326.76 0.412404 0.209996
3329.94 1.93721 0.273118
3333.12 1.95371 0.157282
3336.31 0.449342 1.77734
3339.49 0.969296 0.16941
3342.67 1.91516 0.179073
3345.86 1.7907 1.0781
3349.04 2.77549 0.333799
3352.22 0.495625 0.473305
3355.41 0.963612 0.684355
3358.59 1.31476 2.04595
3361.77 0.339444 0.263456
3364.96 2.42446 0.122155
3368.14 1.61076 0.12164
3371.32 0.710027 0.460571
3374.51 7.55591 1.03042
3377.69 0.185828 0.236647
3380.87 2.29161 0.299298
3384.06 0.175768 0.34251
3387.24 0.141339 0.315585
3390.43 2.61532 2.73526
3393.61 5.54919 0.273422
3396.79 2.73302 0.930275
3399.98 3.85319 1.52998
3403.16 1.16874 0.0732493
3406.34 1.13059 0.136438
3409.53 0.000410809 0.231228
3412.71 2.38971 0.465313
3415.89 1.48059 0.374055
3419.08 1.25967 0.463793
3422.26 2.46641 0.152763
3425.44 0.051115 0.494499
3428.63 1.03534 2.40592
3431.81 7.42138 1.27752
3434.99 0.354216 0.0203868
3438.18 8.44322 0.2239
3441.36 2.97224 0.195384
3444.54 1.40491 0.783266
3447.73 0.435488 0.933641
3450.91 2.9537 1.11066
3454.1 2.1918 0.328155
3457.28 6.89141 0.650406
3460.46 2.0842 0.468777
3463.65 1.70694 2.6261
3466.83 2.18905 0.56833
3470.01 2.36398 0.204571
3473.2 1.38375 1.17769
3476.38 6.76741 0.0116516
3479.56 1.12362 0.209437
3482.75 1.08027 0.60119
3485.93 0.467462 0.0730214
3489.11 1.40584 0.599647
3492.3 0.857694 0.52776
3495.48 3.9261 1.95591
3498.66 3.77773 0.42302
3501.85 2.34082 1.32643
3505.03 3.42595 0.0724931
3508.21 1.88456 0.848657
3511.4 2.91636 0.609615
3514.58 1.80112 0.292488
3517.77 6.94866 0.621617
3520.95 1.26421 0.514295
3524.13 1.94312 0.0421607
3527.32 0.554445 0.45057
3530.5 5.56732 0.0309598
3533.68 0.258363 0.178216
3536.87 1.77016 0.940557
3540.05 1.27712 0.347618
3543.23 5.46201 2.01021
3546.42 0.9429 0.147197
3549.6 0.366282 0.453268
3552.78 5.92854 1.44741
3555.97 0.595694 0.217055
3559.15 0.353336 1.36916
3562.33 5.84028 0.0843276
3565.52 7.22329 0.194437
3568.7 0.959576 0.373104
3571.88 2.25379 0.662988
3575.07 1.32296 0.00330598
3578.25 0.762865 0.270302
3581.44 3.58757 2.04685
3584.62 1.37316 0.696337
3587.8 1.94964 0.821466
3590.99 4.25808 0.0487747
3594.17 7.04983 1.46782
3597.35 0.151997 1.11317
3600.54 7.31901 0.273731
3603.72 0.482385 0.469589
3606.9 2.66654 0.436092
3610.09 0.121824 0.890886
3613.27 1.45403 1.97963
3616.45 2.76977 0.183165
3619.64 5.52168 0.509624
3622.82 1.07209 0.116356
3626 3.36676 0.522905
3629.19 2.92598 0.355789
3632.37 6.60545 1.54525
3635.55 1.34129 0.697606
3638.74 0.460073 0.438343
3641.92 2.82334 0.609807
3645.11 0.171999 1.391
3648.29 1.14764 1.44564
3651.47 1.96574 0.00948017
3654.66 0.694964 0.773138
3657.84 0.923392 2.352
3661.02 6.17181 0.237281
3664.21 0.492296 0.47632
3667.39 0.479366 0.983018
3670.57 3.11773 0.329332
3673.76 2.64027 0.520855
3676.94 0.344852 0.325692
3680.12 4.2162 0.420137
3683.31 7.02717 1.07382
3686.49 0.757649 0.0572259
3689.67 1.08828 0.169298
3692.86 6.21304 0.422056
3696.04 1.71911 0.167781
3699.22 0.102975 0.071803
3702.41 4.53258 1.12005
3705.59 1.62975 0.331565
3708.78 0.284031 0.417801
3711.96 2.7725 0.192955
3715.14 1.52251 0.160375
3718.33 0.0745611 0.126626
3721.51 0.239269 0.508475
3724.69 10.6903 0.0620507
3727.88 3.06664 1.33894
3731.06 0.876932 0.108541
3734.24 2.74255 0.58497
3737.43 1.33437 1.64459
3740.61 0.327483 0.180156
3743.79 2.50562 0.000542215
3746.98 0.294156 0.154091
3750.16 1.73987 0.173829
3753.34 3.07568 0.23518
3756.53 0.238537 2.20824
3759.71 11.9729 0.154586
3762.89 3.16344 0.89856
3766.08 2.87553 0.287386
3769.26 1.12779 0.513557
3772.45 6.92405 0.158543
3775.63 1.4022 0.183012
3778.81 0.0368058 0.0637529
3782 1.40214 1.31283
3785.18 8.81588 0.279067
3788.36 1.54952 0.782009
3791.55 0.699966 0.900869
3794.73 2.04401 0.374722
3797.91 1.83861 0.159645
3801.1 0.722475 0.269463
3804.28 1.52055 1.76598
3807.46 1.73884 0.383683
3810.65 0.347144 1.01445
3813.83 3.37267 0.203666
3817.01 0.441623 0.123633
3820.2 5.15991 0.343452
3823.38 4.22862 0.448669
3826.56 0.974513 1.06639
3829.75 2.86259 0.50418
3832.93 4.80504 1.95543
3836.12 0.613182 0.454424
3839.3 0.321031 0.0330939
3842.48 0.0345094 0.888638
3845.67 0.233515 0.0184539
3848.85 0.669075 0.0273184
3852.03 0.255621 0.12857
3855.22 4.87735 0.248508
3858.4 0.727103 1.96654
3861.58 8.46611 1.34757
3864.77 3.83278 0.865711
3867.95 1.38915 0.372788
3871.13 3.22081 0.997358
3874.32 0.640886 0.0214431
3877.5 6.1179 0.891944
3880.68 3.2531 1.43732
3883.87 4.18507 0.315863
3887.05 4.72829 0.641908
3890.23 8.68538 0.398043
3893.42 5.81952 1.03302
3896.6 2.29821 0.841675
3899.79 0.976882 0.492003
3902.97 2.02997 0.0574248
3906.15 0.366655 0.288296
3909.34 2.82726 0.225339
3912.52 0.661589 0.333673
3915.7 1.45918 0.175751
3918.89 3.15597 0.828559
3922.07 3.77649 0.533641
3925.25 0.347224 1.82331
3928.44 2.39718 0.586689
3931.62 2.77362 0.284866
3934.8 1.3968 0.68616
3937.99 8.72698 0.370375
3941.17 1.75925 0.459054
3944.35 0.0623778 0.580191
3947.54 1.89608 0.0624474
3950.72 0.0988291 0.490578
3953.9 1.35506 0.49129
3957.09 5.43014 0.947661
3960.27 0.250891 0.483723
3963.46 6.39734 1.36467
3966.64 0.96588 0.55223
3969.82 0.78649 0.0265409
3973.01 0.28407 0.28434
3976.19 6.10626 0.382814
3979.37 0.03895 0.773133
3982.56 0.438769 0.651135
3985.74 2.16183 0.161173
3988.92 2.93258 0.602787
3992.11 0.786437 0.180863
3995.29 3.52047 0.224485
3998.47 0.299763 0.848404
4001.66 0.326646 0.664625
4004.84 0.304532 1.18746
4008.02 4.99661 0.455067
4011.21 1.66214 0.416719
4014.39 0.716432 0.202247
4017.57 1.39695 0.127063
4020.76 3.55194 1.17284
4023.94 0.579537 0.274609
4027.12 1.2356 0.150905
4030.31 0.363508 0.0336237
4033.49 1.40626 0.555845
4036.68 1.13663 0.521925
4039.86 0.85172 3.01289
4043.04 7.06282 0.375396
4046.23 2.21464 0.0769642
4049.41 1.46396 0.438307
4052.59 2.55928 2.16568
4055.78 1.77087 0.573367
4058.96 1.10371 0.423969
4062.14 2.35717 1.02469
4065.33 0.825777 2.44709
4068.51 1.01779 1.15223
4071.69 0.18803 0.849137
4074.88 4.98877 0.448336
4078.06 0.896323 0.00886466
4081.24 8.26486 1.17318
4084.43 0.763343 0.227023
4087.61 0.674966 0.044886
4090.79 1.41452 0.327986
4093.98 0.922124 0.312563
4097.16 1.83284 2.24469
4100.35 2.61882 0.0903055
4103.53 0.380986 0.0501638
4106.71 1.11551 0.107411
4109.9 1.28684 0.816002
4113.08 7.2428 0.986888
4116.26 1.94102 1.71713
4119.45 1.441 0.972141
4122.63 0.403609 0.254556
4125.81 1.36433 0.317512
4129 2.55169 0.439256
4132.18 0.366293 1.32307
4135.36 0.76243 0.358369
4138.55 3.1954 0.100958
4141.73 3.2131 0.753017
4144.91 0.565185 0.601053
4148.1 4.55292 0.890562
4151.28 6.15785 0.694087
4154.46 4.24287 1.18902
4157.65 4.77204 0.370928
4160.83 1.07451 0.95529
4164.02 0.355565 0.240839
4167.2 1.28688 0.364662
4170.38 5.31495 0.364076
4173.57 0.042374 0.356831
4176.75 0.0186604 0.567255
4179.93 1.67095 1.01978
4183.12 3.90444 1.47483
4186.3 4.22748 0.414258
4189.48 1.33489 0.78848
4192.67 2.30332 0.0359624
4195.85 0.960643 0.355985
4199.03 1.23413 0.867966
4202.22 2.18029 0.103552
4205.4 4.69078 0.0479931
4208.58 2.47732 1.84365
4211.77 2.26199 0.296368
4214.95 0.192014 0.217616
4218.13 0.272912 0.214628
4221.32 1.06471 0.180129
4224.5 1.7553 0.650735
4227.69 1.32669 0.00650176
4230.87 0.0668165 0.149466
4234.05 6.83997 0.14023
4237.24 0.644238 0.633354
4240.42 1.05869 0.489393
4243.6 0.972871 0.571423
4246.79 1.31883 0.133308
4249.97 2.48129 0.28089
4253.15 2.91579 0.322091
4256.34 0.399708 0.929193
4259.52 0.119012 2.03275
4262.7 6.58165 1.05071
4265.89 2.91068 0.295448
4269.07 0.271681 0.709702
4272.25 1.82196 1.83376
4275.44 1.57411 0.206646
4278.62 0.32082 0.963583
4281.8 0.12765 0.506447
4284.99 0.0337086 0.261279
4288.17 4.06577 0.51396
4291.36 0.859739 0.839123
4294.54 0.0590712 0.342168
4297.72 0.523486 0.56368
4300.91 0.211685 0.0475202
4304.09 0.888409 0.656321
4307.27 8.93102 0.532333
4310.46 1.85298 0.415242
4313.64 1.80926 0.695574
4316.82 2.46184 0.535576
4320.01 2.99177 1.67907
4323.19 0.328556 0.0456087
4326.37 0.847212 0.168615
4329.56 3.78144 0.568708
4332.74 1.61851 0.403096
4335.92 2.211 0.362105
4339.11 3.87599 0.382847
4342.29 4.33853 0.109259
4345.47 0.758737 1.04272
4348.66 0.284139 0.375206
4351.84 7.72235 0.122574
4355.03 0.644582 0.0493747
4358.21 0.946226 0.378917
4361.39 8.64216 0.0745269
4364.58 1.87211 0.64694
4367.76 5.89458 0.219403
4370.94 1.6508 0.623382
4374.13 3.25296 0.105262
4377.31 0.565609 0.202981
4380.49 4.10423 6.13949
4383.68 2.2508 0.0799407
4386.86 6.68527 0.341863
4390.04 2.07562 0.0864642
4393.23 1.01216 0.0585536
4396.41 0.285082 0.358014
4399.59 0.0691942 0.54059
4402.78 0.832953 0.132692
4405.96 7.80078 0.24952
4409.14 4.42927 0.428501
4412.33 0.643508 0.150725
4415.51 5.36375 0.101593
4418.7 0.635078 0.292791
4421.88 0.791699 0.141973
4425.06 0.238487 0.239406
4428.25 1.77126 0.467086
4431.43 9.96314 0.265451
4434.61 1.62292 0.276423
4437.8 1.39084 0.433701
4440.98 4.84544 0.6283
4444.16 1.04086 0.0587083
4447.35 0.495976 0.703119
4450.53 0.859129 0.0659505
4453.71 0.731037 0.711074
4456.9 0.235018 0.794726
4460.08 1.73821 0.362317
4463.26 4.03697 0.195828
4466.45 1.58846 0.123701
4469.63 2.82719 1.21174
4472.81 0.267131 1.99037
4476 4.49165 0.211939
4479.18 2.31676 1.3913
4482.37 2.67867 0.237973
4485.55 0.57285 0.245055
4488.73 1.48403 0.299232
4491.92 7.46603 0.0787604
4495.1 2.77349 0.412732
4498.28 1.00636 0.539011
4501.47 3.26681 0.238163
4504.65 1.55522 0.335022
4507.83 1.79718 0.884263
4511.02 1.55708 0.0107444
4514.2 1.40821 0.132292
4517.38 0.103923 1.61098
4520.57 5.02613 0.188735
4523.75 1.32953 0.108186
4526.93 3.19031 1.20525
4530.12 0.165999 1.12377
4533.3 2.75531 0.786614
4536.48 0.412098 0.198284
4539.67 1.3392 0.307153
4542.85 5.51015 2.09645
4546.04 0.0707461 0.0684724
4549.22 4.03935 0.356175
4552.4 8.16108 1.79641
4555.59 0.0252064 1.60368
4558.77 0.811944 0.762317
4561.95 0.331062 0.0432761
4565.14 0.528093 0.718229
4568.32 2.62002 1.18572
4571.5 0.749732 0.129435
4574.69 2.018 1.04682
4577.87 4.69316 0.241723
4581.05 0.551574 0.968797
4584.24 0.273103 0.0459906
4587.42 1.76903 0.303614
4590.6 2.52542 0.185925
4593.79 1.12283 0.858629
4596.97 3.57246 0.919224
4600.15 0.282735 1.71291
4603.34 0.953777 0.0791553
4606.52 2.40396 0.20064
4609.71 7.79274 0.758416
4612.89 3.56118 0.712639
4616.07 2.1317 0.279833
4619.26 1.18248 0.242015
4622.44 1.34859 0.307336
4625.62 1.4201 0.627273
4628.81 1.24687 0.0673652
4631.99 2.3224 0.276126
4635.17 0.186922 0.335676
4638.36 1.95426 0.170849
4641.54 1.91384 0.0139658
4644.72 4.76017 0.01532
4647.91 0.155639 0.576341
4651.09 6.66365 0.878611
4654.27 2.12285 1.63598
4657.46 0.25964 0.00470452
4660.64 0.641592 0.177939
4663.82 0.564167 0.229662
4667.01 0.605368 0.352725
4670.19 0.422572 2.74919
4673.38 1.54172 0.214996
4676.56 1.06927 0.646749
4679.74 0.81796 0.647799
4682.93 3.02447 0.407454
4686.11 1.3499 0.996451
4689.29 0.437855 0.0901486
4692.48 1.84336 1.91048
4695.66 1.52437 0.20847
4698.84 2.16261 0.655264
4702.03 2.46456 0.0877044
4705.21 1.24826 0.0620429
4708.39 3.31345 0.655282
4711.58 0.751441 0.247105
4714.76 7.77745 0.0746941
4717.94 0.184144 1.39127
4721.13 1.99767 0.562191
4724.31 3.48034 0.0824479
4727.49 0.22481 1.41233
4730.68 3.50368 1.13696
4733.86 3.52907 0.967458
4737.05 1.80968 0.186926
4740.23 1.59867 0.197692
4743.41 1.0371 1.02063
4746.6 0.268961 2.13336
4749.78 0.298132 0.0151572
4752.96 0.839309 0.700583
4756.15 1.31137 0.71965
4759.33 5.09193 0.0156449
4762.51 1.75345 0.493098
4765.7 1.7977 0.386859
4768.88 4.36316 1.27057
4772.06 2.46268 1.70516
4775.25 3.58255 0.234595
4778.43 4.38127 0.717207
4781.61 2.30654 0.595933
4784.8 8.06577 1.14454
4787.98 1.73248 0.108969
4791.16 2.22313 0.0362508
4794.35 0.207311 0.585189
4797.53 0.447527 0.554817
4800.72 1.11199 0.33671
4803.9 3.21648 0.0436544
4807.08 0.215473 1.9879
4810.27 0.0405999 0.214032
4813.45 0.994597 0.295828
4816.63 1.43688 0.603258
4819.82 0.0228396 1.47626
4823 0.431461 0.0537487
4826.18 2.87882 1.41197
4829.37 0.189434 0.704185
4832.55 1.14806 0.148926
4835.73 1.37242 0.551518
4838.92 2.88582 0.0370272
4842.1 4.55516 0.678457
4845.28 0.394196 0.240936
4848.47 0.116767 0.194001
4851.65 0.1296 0.492517
4854.83 2.46701 0.354325
4858.02 3.91244 0.42149
4861.2 1.93872 0.298726
4864.38 3.70387 1.65747
4867.57 7.79313 0.312156
4870.75 1.95837 0.82343
4873.94 0.585441 0.268005
4877.12 5.30796 0.799677
4880.3 7.48359 0.228391
4883.49 0.422945 0.565293
4886.67 0.116465 0.317941
4889.85 0.0796386 0.315065
4893.04 0.344268 0.479877
4896.22 1.20226 0.174918
4899.4 6.10826 0.289589
4902.59 3.35032 0.288892
4905.77 5.85365 1.18673
4908.95 1.3057 0.133861
4912.14 1.25137 0.170953
4915.32 1.49098 0.0479576
4918.5 1.9051 0.685275
4921.69 1.67779 0.407567
4924.87 0.598463 0.947203
4928.05 0.237135 2.2963
4931.24 0.407468 0.192821
4934.42 1.4703 0.707884
4937.61 2.22984 0.047944
4940.79 0.0909317 0.957433
4943.97 3.71282 3.68761
4947.16 1.15412 0.38916
4950.34 1.6521 0.566309
4953.52 0.791445 0.105857
4956.71 3.04864 0.741879
4959.89 1.70928 1.23015
4963.07 2.89021 0.119685
4966.26 0.870875 0.543203
4969.44 1.27905 0.191952
4972.62 0.479796 0.850632
4975.81 0.880513 0.510067
4978.99 3.37798 0.135668
4982.17 1.1972 0.367802
4985.36 5.96906 0.0973536
4988.54 1.47467 0.286082
4991.72 0.250017 1.06779
4994.91 7.27542 0.836369
4998.09 3.15654 1.32813
5001.28 0.0238715 0.0797491
5004.46 1.08345 0.964854
5007.64 0.31489 0.129831
5010.83 1.68837 1.67778
5014.01 3.46163 1.10773
5017.19 0.180416 0.557915
5020.38 0.934499 0.514584
5023.56 0.593284 0.578764
5026.74 1.87635 0.117341
5029.93 3.22715 0.734057
5033.11 0.824671 2.00943
5036.29 2.47723 0.0914112
5039.48 0.785757 0.0586121
5042.66 1.09144 0.546709
5045.84 0.206558 1.34584
5049.03 1.86266 0.490659
5052.21 3.11241 0.224441
5055.39 1.18246 0.114756
5058.58 3.59291 0.114023
5061.76 1.41002 0.303323
5064.95 0.582321 0.1676
5068.13 0.860035 0.193501
5071.31 1.7154 0.795224
5074.5 0.875205 0.526939
5077.68 4.66135 0.501189
5080.86 1.98973 0.0110041
5084.05 1.41927 0.165092
5087.23 3.16187 1.58403
5090.41 2.39708 0.87496
5093.6 4.09866 0.603223
5096.78 0.952222 0.552583
5099.96 1.22489 0.294711
5103.15 0.403768 0.633775
5106.33 1.80312 0.00826978
5109.51 0.309537 0.722361
5112.7 0.840776 0.192615
5115.88 8.22657 0.649316
5119.06 0.082585 0.339676
5122.25 1.82961 0.46932
5125.43 1.02013 0.27506
5128.62 2.86766 0.0417574
5131.8 0.0901529 0.327105
5134.98 7.61341 0.19508
5138.17 0.169455 1.58039
5141.35 0.0598508 0.281849
5144.53 1.41392 0.181413
5147.72 1.13242 0.304167
5150.9 1.62542 1.45136
5154.08 16.42 0.108272
5157.27 0.20065 0.539058
5160.45 1.62251 1.00773
5163.63 4.55244 0.00835972
5166.82 0.503234 1.05815
5170 2.43468 0.101549
5173.18 2.69883 1.66157
5176.37 1.9421 0.00557407
5179.55 0.651533 0.00375438
5182.73 1.77842 0.323707
5185.92 4.34868 0.275079
5189.1 0.0427415 0.228135
5192.29 0.550545 0.133641
5195.47 0.642702 0.535798
5198.65 0.677526 2.60962
5201.84 1.44401 1.87117
5205.02 5.21056 0.0169556
5208.2 0.253209 1.9684
5211.39 0.181819 0.350485
5214.57 1.65334 1.18087
5217.75 3.08366 0.893838
5220.94 1.33031 0.62718
5224.12 1.32569 0.803375
5227.3 0.39065 0.063155
5230.49 0.405986 0.0378901
5233.67 2.64282 0.296152
5236.85 2.03141 0.50231
5240.04 0.096966 1.30928
5243.22 5.05986 0.00117844
5246.4 6.25557 1.00972
5249.59 3.86527 0.259865
5252.77 0.0595862 1.55021
5255.96 0.502166 0.633755
5259.14 2.41192 0.0618304
5262.32 7.02819 1.54018
5265.51 1.2769 0.140543
5268.69 4.28513 0.877545
5271.87 4.2066 0.491511
5275.06 5.24983 0.104864
5278.24 2.64087 0.36007
5281.42 2.58845 0.126117
5284.61 0.639314 0.108808
5287.79 4.16698 0.162987
5290.97 0.912962 0.338463
5294.16 3.31488 0.605829
5297.34 5.34668 2.65359
5300.52 0.702187 0.233752
5303.71 3.74572 0.41075
5306.89 4.75495 1.36098
5310.07 0.193396 0.495786
5313.26 3.80494 0.591122
5316.44 2.44071 1.07238
5319.63 0.898694 0.0601444
5322.81 0.0985289 0.29617
5325.99 5.94288 0.228173
5329.18 0.395071 1.88447
5332.36 0.993782 0.210694
5335.54 1.18691 0.430226
5338.73 0.717714 0.115304
5341.91 0.0133738 0.0179263
5345.09 4.11554 0.327506
5348.28 1.94631 0.187905
5351.46 1.16199 0.218715
5354.64 0.129796 0.153786
5357.83 0.818068 5.75011
5361.01 2.3155 0.246001
5364.19 4.57892 1.84637
5367.38 3.5202 0.738624
5370.56 7.61399 1.35398
5373.74 4.73531 0.280014
5376.93 2.3457 0.183571
5380.11 3.4767 0.485039
5383.3 1.56017 0.262303
5386.48 2.84517 1.00338
5389.66 2.36188 0.751562
5392.85 3.84438 0.671156
5396.03 0.349327 0.38242
5399.21 0.998592 0.560925
5402.4 7.07204 0.182432
5405.58 0.187302 0.591085
5408.76 2.77536 0.914329
5411.95 2.67096 0.464291
5415.13 5.07996 0.930801
5418.31 0.720601 2.23399
5421.5 2.81788 0.196096
5424.68 1.61446 0.81671
5427.86 2.32667 0.325584
5431.05 0.697149 0.218546
5434.23 0.452703 0.976269
5437.41 1.77734 0.01404
5440.6 1.98319 0.223913
5443.78 0.601688 1.44304
5446.97 0.0564248 0.204249
5450.15 3.01765 1.47691
5453.33 2.40802 1.16555
5456.52 6.52645 0.0805746
5459.7 1.25257 0.717148
5462.88 0.211185 0.278684
5466.07 0.866689 0.435222
5469.25 2.54687 0.500859
5472.43 5.95878 0.287126
5475.62 0.0231051 0.121252
5478.8 1.21771 0.891477
5481.98 0.728073 0.661852
5485.17 0.60506 0.124292
5488.35 1.39427 1.30818
5491.53 1.1479 0.153257
5494.72 0.3045 0.00166488
5497.9 0.45361 0.15346
5501.08 1.74941 0.0152581
5504.27 1.8014 0.124543
5507.45 3.89528 0.215024
5510.64 2.99428 0.182786
5513.82 3.03464 0.313769
5517 5.52976 1.57329
5520.19 7.22587 0.861072
5523.37 5.9299 1.04531
5526.55 6.83235 0.375506
5529.74 6.07112 0.162228
5532.92 0.0667773 0.179651
5536.1 4.381 0.167631
5539.29 0.139573 0.878024
5542.47 1.29258 0.00832665
5545.65 0.762602 0.0853053
5548.84 0.546302 0.913194
5552.02 0.264109 0.890737
5555.2 0.100259 0.158312
5558.39 3.55627 0.136206
5561.57 3.21899 1.05101
5564.75 1.23048 0.123545
5567.94 8.22388 0.521074
5571.12 7.75073 0.133664
5574.31 0.158193 0.467833
5577.49 3.79817 0.388496
5580.67 1.65561 0.0283974
5583.86 2.236 1.44183
5587.04 6.25385 0.144256
5590.22 2.17179 0.399756
5593.41 2.81388 0.533678
5596.59 0.640792 0.00737141
5599.77 3.01693 0.692004
5602.96 6.87399 1.0846
5606.14 1.64459 0.748957
5609.32 0.411707 0.0766343
5612.51 3.32186 0.735265
5615.69 0.928172 0.495201
5618.87 3.1264 0.368435
5622.06 0.694897 0.0664077
5625.24 0.468455 0.0544859
5628.42 5.73492 1.14813
5631.61 0.688184 0.338976
5634.79 0.996503 0.0633885
5637.97 2.69213 0.779937
5641.16 0.673019 0.496726
5644.34 1.2752 0.949476
5647.53 3.58347 0.0868753
5650.71 0.870488 0.276482
5653.89 0.0741531 0.195997
5657.08 3.33142 0.249844
5660.26 2.56577 0.164869
5663.44 1.28965 0.898232
5666.63 0.698592 0.569344
5669.81 5.84662 0.467988
5672.99 0.449501 0.226173
5676.18 3.99623 0.914173
5679.36 0.181431 0.0940032
5682.54 4.54729 1.35427
5685.73 2.83252 1.91193
5688.91 0.882228 0.214281
5692.09 4.33588 0.22077
5695.28 0.908501 1.04287
5698.46 1.34837 0.571152
5701.64 0.0727905 0.284289
5704.83 6.22967 0.106977
5708.01 2.35658 0.127286
5711.2 0.368007 0.918494
5714.38 2.54566 0.0104969
5717.56 5.26912 0.502067
5720.75 3.28737 0.0804082
5723.93 0.189776 0.16494
5727.11 1.77717 0.315393
5730.3 1.78619 1.97962
5733.48 1.87241 0.353274
5736.66 2.83295 1.9106
5739.85 0.327106 0.77291
5743.03 4.20355 0.317168
5746.21 2.26883 0.439899
5749.4 3.89713 0.501093
5752.58 0.670207 0.0592991
5755.76 0.228014 0.109697
5758.95 0.905544 0.134505
5762.13 1.3732 0.0115054
5765.31 1.15031 0.439088
5768.5 0.474567 0.687524
5771.68 0.411217 0.0677451
5774.87 0.72757 0.132319
5778.05 7.35284 0.0351539
5781.23 0.122041 0.638998
5784.42 0.0467267 0.150217
5787.6 0.433684 0.0990245
5790.78 2.90853 0.143836
5793.97 0.105929 1.21236
5797.15 7.96714 0.694965
5800.33 0.750836 0.0606586
5803.52 1.46092 1.10437
5806.7 4.59562 1.11891
5809.88 0.0595885 0.254339
5813.07 0.460063 0.484322
5816.25 0.47602 0.902461
5819.43 1.57325 0.251501
5822.62 0.293862 1.74271
5825.8 4.99069 0.329981
5828.98 1.25335 0.311055
5832.17 2.91951 1.40853
5835.35 0.692361 0.221651
5838.54 3.33812 0.422151
5841.72 2.44305 0.0938009
5844.9 0.990142 0.906818
5848.09 0.181882 2.23293
5851.27 0.0467366 0.298538
5854.45 1.33756 1.06288
5857.64 2.14606 0.881602
5860.82 2.2518 1.51689
5864 3.52496 0.0734912
5867.19 1.08201 0.0533682
5870.37 3.97848 0.502034
5873.55 1.26559 0.590959
5876.74 1.67015 1.04196
5879.92 0.446357 0.0563642
5883.1 0.623105 3.12136
5886.29 1.7754 0.370465
5889.47 3.84263 0.743099
5892.65 0.803096 0.974777
5895.84 9.9779 0.0262356
5899.02 1.15959 0.992022
5902.21 3.18235 0.600671
5905.39 0.386504 0.557378
5908.57 1.43912 0.581216
5911.76 0.212413 0.850664
5914.94 1.08282 0.386887
5918.12 1.26138 0.140834
5921.31 0.53259 0.0339518
5924.49 1.22246 0.297152
5927.67 1.1899 0.149427
5930.86 1.06209 0.154851
5934.04 0.171132 0.0939053
5937.22 0.343556 0.251728
5940.41 2.62381 0.54025
5943.59 5.1465 0.0358859
5946.77 0.793548 0.326831
5949.96 1.80474 0.615497
5953.14 2.81385 0.945865
5956.32 6.28709 0.683128
5959.51 4.54086 0.300316
5962.69 5.91385 1.01682
5965.88 0.435105 0.673524
5969.06 4.43461 0.0872591
5972.24 3.28968 0.542357
5975.43 2.33947 0.219688
5978.61 0.232859 1.70511
5981.79 1.02933 1.40686
5984.98 0.153945 0.23547
5988.16 6.9427 1.82709
5991.34 8.15185 1.08915
5994.53 0.700406 2.32493
5997.71 0.935986 1.41182
6000.89 0.867663 0.209013
6004.08 1.90362 0.450303
6007.26 6.92463 0.812386
6010.44 2.50361 0.460578
6013.63 0.523242 0.140086
6016.81 5.19052 0.193707
6019.99 0.0249795 0.133968
6023.18 2.21967 0.247587
6026.36 2.56607 0.0780194
6029.55 0.442259 0.190506
6032.73 3.77066 0.300678
6035.91 0.0313941 0.145865
6039.1 2.48036 0.978804
6042.28 1.6621 1.4518
6045.46 3.83718 0.837984
6048.65 0.209441 1.08276
6051.83 7.3843 0.0406989
6055.01 2.20706 3.1083
6058.2 1.9733 0.10483
6061.38 1.97215 0.0276702
6064.56 2.9759 0.211882
6067.75 0.282605 3.27126
6070.93 4.10315 0.439865
6074.11 1.62342 0.65169
6077.3 1.21517 0.148795
6080.48 2.17605 0.246553
6083.66 3.03453 0.297696
6086.85 0.372042 0.731602
6090.03 0.171074 0.676467
6093.22 8.54213 0.313449
6096.4 1.0941 0.326508
6099.58 1.80072 1.73687
6102.77 11.234 0.446866
6105.95 2.11353 0.0669275
6109.13 0.550593 0.101128
6112.32 9.04244 0.786149
6115.5 1.82 0.211313
6118.68 2.2639 0.121234
6121.87 1.78285 1.04263
6125.05 0.961851 0.035398
6128.23 2.21911 0.160738
6131.42 0.434718 0.912892
6134.6 1.33158 0.416863
6137.78 1.96913 0.143931
6140.97 0.869328 0.0325596
6144.15 0.0576696 1.27377
6147.33 1.0392 1.42781
6150.52 0.525299 0.338439
6153.7 0.509736 0.0511315
6156.89 0.485535 0.562616
6160.07 1.4121 0.466995
6163.25 1.92774 0.103008
6166.44 1.56423 1.28532
6169.62 4.38852 0.155005
6172.8 1.37741 1.00297
6175.99 3.65686 0.241694
6179.17 1.74892 0.304929
6182.35 2.35935 0.41162
6185.54 7.62619 1.12205
6188.72 1.18901 0.567316
6191.9 2.78088 0.358317
6195.09 1.03705 0.213303
6198.27 0.126675 0.345523
6201.45 0.202559 0.544997
6204.64 1.65954 0.124959
6207.82 1.99152 0.106853
6211 0.187574 0.197363
6214.19 2.52556 0.0912817
6217.37 1.87158 0.256243
6220.56 0.824135 0.23926
6223.74 0.963005 0.22787
6226.92 3.19441 0.0570288
6230.11 5.34881 0.663732
6233.29 0.0144332 0.0763699
6236.47 3.18393 0.221962
6239.66 3.72022 0.0834678
6242.84 2.35467 0.373985
6246.02 2.17828 0.825673
6249.21 4.15836 0.0990932
6252.39 5.47576 1.18527
6255.57 0.546754 0.43629
6258.76 2.46314 0.0684229
6261.94 0.630177 0.435688
6265.12 4.29915 0.415013
6268.31 0.826902 0.284303
6271.49 1.37296 0.333235
6274.67 3.34113 0.233213
6277.86 0.774377 1.16843
6281.04 1.97666 0.282927
6284.23 0.686849 0.86602
6287.41 2.51697 0.023633
6290.59 0.202435 0.593841
6293.78 0.272838 1.13399
6296.96 2.28992 0.403127
6300.14 2.8527 0.47274
6303.33 0.618252 0.0993089
6306.51 1.99832 0.0920002
6309.69 1.43886 0.465775
6312.88 3.65736 0.765158
6316.06 0.389805 0.886112
6319.24 1.6525 0.0853959
6322.43 3.0489 3.01041
6325.61 1.66483 1.82505
6328.79 6.36856 0.419518
6331.98 2.57311 1.80597
6335.16 3.54636 0.438793
6338.34 8.87236 0.115915
6341.53 4.31922 0.269894
6344.71 0.470983 0.0476493
6347.9 0.105336 0.429362
6351.08 1.97855 0.0368393
6354.26 1.39891 0.0382619
6357.45 1.51375 0.166046
6360.63 2.39854 0.311194
6363.81 3.4561 0.258137
6367 1.528 1.06318
6370.18 1.42648 0.221195
6373.36 0.0747906 0.501543
6376.55 0.246201 0.258204
6379.73 1.54037 0.28592
6382.91 0.695676 0.495066
6386.1 0.879807 2.60992
6389.28 4.92552 0.139312
6392.46 0.62696 1.19989
6395.65 4.04082 1.10485
6398.83 0.61527 1.24302
6402.01 1.22077 0.171101
6405.2 0.534776 1.59362
6408.38 1.34265 0.648203
6411.57 5.12312 0.187867
6414.75 0.503373 0.355992
6417.93 0.929922 0.782454
6421.12 0.882641 0.25135
6424.3 0.257208 0.144866
6427.48 0.541244 0.589636
6430.67 0.42511 0.160609
6433.85 1.9131 0.0114492
6437.03 3.73499 0.12514
6440.22 3.33264 0.00852763
6443.4 2.55994 1.24501
6446.58 0.713306 1.84692
6449.77 0.644812 0.175224
6452.95 1.67012 0.333712
6456.13 2.73257 0.708181
6459.32 10.5051 1.32768
6462.5 1.96119 0.0538216
6465.68 2.72444 1.94914
6468.87 0.787185 0.503811
6472.05 8.1094 0.186142
6475.23 0.360233 0.386463
6478.42 2.15345 1.3986
6481.6 1.91595 1.63641
6484.79 0.144101 0.0256259
6487.97 3.9696 0.717676
6491.15 3.95675 0.190437
6494.34 2.97606 0.0238867
6497.52 0.0839841 0.493287
6500.7 3.40265 0.134809
6503.89 0.674361 0.383283
6507.07 1.63136 0.092255
6510.25 0.718896 2.96188
6513.44 2.78574 0.0768478
6516.62 0.996618 0.338892
6519.8 5.39462 0.549511
6522.99 0.423113 0.323516
6526.17 0.121197 0.617766
6529.35 1.41059 0.0658769
6532.54 1.40238 0.416423
6535.72 5.878 0.00587462
6538.9 2.14186 0.0738987
6542.09 0.656117 1.0877
6545.27 2.29229 0.41053
6548.46 0.132866 0.115843
6551.64 6.80008 1.41262
6554.82 0.817018 0.800388
6558.01 2.65878 0.465169
6561.19 1.29263 0.487506
6564.37 2.84214 0.2975
6567.56 4.20464 0.0874296
6570.74 0.851471 0.0318618
6573.92 2.4611 1.72604
6577.11 3.07587 0.768651
6580.29 1.12208 0.162271
6583.47 0.834889 1.44047
6586.66 4.52067 0.60086
6589.84 1.75704 0.935702
6593.02 1.8755 0.230227
6596.21 0.194729 1.25451
6599.39 9.24748 1.16166
6602.57 1.24046 0.320677
6605.76 1.91288 1.04257
6608.94 1.36487 0.417408
6612.13 0.607343 1.37711
6615.31 2.54973 0.0603576
6618.49 1.21934 0.726823
6621.68 0.34942 0.182723
6624.86 0.989319 0.5759
6628.04 1.74988 0.415434
6631.23 3.21981 0.428547
6634.41 1.53169 0.132433
6637.59 1.6399 0.29239
6640.78 3.40989 1.17294
6643.96 0.769208 0.0738908
6647.14 0.0497867 0.197079
6650.33 6.25308 0.58641
6653.51 0.278701 0.127249
6656.69 4.81461 1.61489
6659.88 5.66893 0.357973
6663.06 7.78573 0.320032
6666.24 1.81834 0.102058
6669.43 1.82659 0.182827
6672.61 1.3127 0.305103
6675.8 0.977505 0.885371
6678.98 1.33507 0.536559
6682.16 1.36642 0.433473
6685.35 0.786522 0.419798
6688.53 4.10385 0.236497
6691.71 4.89852 0.235712
6694.9 0.931056 0.798859
6698.08 2.73096 0.981741
6701.26 2.02038 0.34922
6704.45 0.760702 0.110619
6707.63 1.97138 1.96952
6710.81 0.748319 0.177203
6714 0.883703 1.49066
6717.18 2.75173 0.412304
6720.36 0.0939393 0.342787
6723.55 0.115159 1.64148
6726.73 1.2193 1.88986
6729.91 2.88284 0.497982
6733.1 0.245566 0.75311
6736.28 2.02241 0.243114
6739.47 0.268155 0.0847346
6742.65 3.0217 0.379473
6745.83 7.53665 0.209976
6749.02 1.46206 0.36072
6752.2 0.0412697 1.02573
6755.38 1.03901 0.255089
6758.57 3.26027 0.524903
6761.75 1.27087 0.0988104
6764.93 0.344327 0.767238
6768.12 6.14494 0.502093
6771.3 1.65472 0.411631
6774.48 3.61801 0.604517
6777.67 0.0965317 0.211488
6780.85 4.03812 0.36113
6784.03 2.41651 0.989979
6787.22 0.682596 0.952314
6790.4 0.250031 0.968009
6793.58 1.87698 1.40867
6796.77 4.32255 2.14475
6799.95 0.562437 0.574897
6803.14 9.17528 0.15719
6806.32 0.558001 0.0409382
6809.5 0.472296 1.15641
6812.69 5.69481 0.236139
6815.87 1.65404 0.267118
6819.05 1.18661 0.247903
6822.24 3.1577 0.280273
6825.42 0.529396 0.132996
6828.6 0.676358 0.37828
6831.79 0.887704 0.0569499
6834.97 2.3232 0.327067
6838.15 6.21772 0.270887
6841.34 4.32896 0.305608
6844.52 1.28555 0.894848
6847.7 3.22654 0.0869374
6850.89 1.12867 0.0851239
6854.07 0.0289167 0.826878
6857.25 1.20913 0.542919
6860.44 0.102533 0.0382292
6863.62 1.52441 0.287678
6866.81 2.88198 1.1097
6869.99 2.19133 3.27056
6873.17 4.12407 0.416821
6876.36 0.549053 0.22661
6879.54 0.254667 0.0836986
6882.72 4.85415 0.0511199
6885.91 0.481299 0.232921
6889.09 0.45461 0.288222
6892.27 0.538091 0.126085
6895.46 8.86471 0.539788
6898.64 2.38529 0.418474
6901.82 1.1292 0.829469
6905.01 0.237195 0.0388745
6908.19 7.42041 1.30894
6911.37 1.01564 0.816681
6914.56 0.245272 1.21007
6917.74 3.10845 1.76899
6920.92 5.04623 0.879789
6924.11 1.38918 0.784151
6927.29 2.25579 0.274094
6930.48 2.19169 0.339957
6933.66 5.24493 1.03917
6936.84 0.614623 0.814379
6940.03 3.30522 1.30486
6943.21 2.53936 0.32937
6946.39 0.578673 0.1223
6949.58 1.63818 0.316822
6952.76 1.47189 1.42364
6955.94 3.44226 0.629722
6959.13 0.636419 0.0262075
6962.31 0.2443 0.271254
6965.49 2.1179 0.383514
6968.68 2.0341 0.593591
6971.86 7.40657 0.416307
6975.04 3.27064 1.2743
6978.23 6.21224 0.516997
6981.41 5.11167 0.00491776
6984.59 0.0567735 0.231657
6987.78 1.57936 0.506387
6990.96 0.22733 0.296373
6994.15 1.05009 0.788177
6997.33 1.1035 0.419107
7000.51 9.34181 0.335199
7003.7 2.5937 0.356359
7006.88 0.577567 0.634072
7010.06 1.56273 0.027412
7013.25 4.49207 1.51956
7016.43 6.38351 0.00830213
7019.61 4.2492 0.469825
7022.8 1.17039 0.0652656
7025.98 2.01676 0.361587
7029.16 0.850687 0.101705
7032.35 1.40811 0.239093
7035.53 4.07898 0.606391
7038.71 0.572083 0.070109
7041.9 1.96733 0.092785
7045.08 1.0769 0.0588624
7048.26 2.46783 0.355455
7051.45 2.7978 0.824468
7054.63 5.50996 1.27038
7057.82 0.423668 1.15943
7061 4.22337 1.55926
7064.18 6.52018 0.42897
7067.37 0.229037 0.783689
7070.55 0.607715 1.49058
7073.73 2.61239 0.200126
7076.92 0.140706 0.112144
7080.1 0.285889 0.346261
7083.28 3.02373 1.83226
7086.47 3.66716 0.529573
7089.65 1.13736 0.0767864
7092.83 5.84849 0.235072
7096.02 0.825448 1.95671
7099.2 0.746508 0.500217
7102.38 0.96761 0.379041
7105.57 4.07396 0.0248896
7108.75 0.304845 0.0923044
7111.93 2.41221 0.659326
7115.12 1.36045 0.563987
7118.3 3.50071 0.385536
7121.49 3.68694 0.130385
7124.67 5.42883 0.865907
7127.85 0.583564 1.17455
7131.04 1.35414 0.462973
7134.22 0.500798 0.730745
7137.4 0.354627 0.150689
7140.59 0.666895 0.234975
7143.77 2.03719 0.443652
7146.95 0.798745 0.576883
7150.14 2.49736 0.962319
7153.32 1.50828 1.77827
7156.5 2.64585 0.111868
7159.69 3.49169 0.919462
7162.87 0.658888 0.549646
7166.05 1.57782 0.319771
7169.24 0.441524 0.841553
7172.42 1.88885 0.843583
7175.6 3.51661 0.292285
7178.79 1.57377 0.441277
7181.97 2.28955 0.130189
7185.16 0.498334 0.858625
7188.34 4.07322 0.604547
7191.52 10.1687 0.458404
7194.71 0.628593 1.15224
7197.89 0.57071 0.0396725
7201.07 0.622826 1.33648
7204.26 0.870282 0.0734378
