7.95875 2.69568 0.941948
11.9381 5.85464 0.590401
15.9175 2.93102 0.778619
19.8969 1.05948 1.66764
23.8762 0.955068 0.362702
27.8556 5.01663 0.564506
31.835 1.49662 1.94869
35.8144 1.23473 0.0683708
39.7937 1.37774 1.34062
43.7731 0.453693 1.53024
47.7525 1.92513 1.20393
51.7318 2.20489 1.1374
55.7112 3.82568 0.766074
59.6906 2.3125 2.17082
63.67 0.335838 0.401674
67.6493 0.61861 1.11619
71.6287 0.732145 0.630251
75.6081 1.17531 0.721036
79.5875 0.754326 0.719661
83.5668 6.98674 0.858854
87.5462 2.84848 0.430899
91.5256 0.313684 0.0465865
95.5049 3.1765 0.832948
99.4843 1.33021 0.103522
103.464 2.80818 0.339077
107.443 0.117549 0.432993
111.422 9.57884 0.0807263
115.402 3.02406 0.131935
119.381 2.61575 0.21906
123.361 1.93134 0.210208
127.34 1.2375 0.0877166
131.319 1.14467 0.111534
135.299 8.96157 0.34501
139.278 0.0409937 0.0766087
143.257 3.35944 0.0757761
147.237 6.31596 0.474252
151.216 0.171981 0.696359
155.196 0.0605704 0.0299822
159.175 11.6747 0.0960426
163.154 1.96694 0.0947915
167.134 6.37271 0.401163
171.113 0.733186 0.884392
175.092 6.00972 0.231311
179.072 7.45675 0.0739877
183.051 0.260311 1.98694
187.031 0.0282023 0.825634
191.01 3.12534 0.94495
194.989 0.922553 0.151763
198.969 2.41439 0.0152343
202.948 1.38519 0.00352991
206.927 2.52925 0.236041
210.907 1.02104 2.45636
214.886 4.23307 0.643795
218.865 6.7912 0.636916
222.845 6.66452 2.28921
226.824 1.78914 1.40509
230.804 0.37058 0.264765
234.783 1.59217 0.378764
238.762 0.862231 0.652902
242.742 10.0931 0.884537
246.721 3.2335 0.52185
250.7 0.786172 0.774598
254.68 2.89336 0.699302
258.659 1.90538 0.269195
262.639 1.01899 0.25695
266.618 4.14894 0.419971
270.597 0.325641 0.265668
274.577 1.31108 0.670297
278.556 0.10261 0.794257
282.535 1.16139 0.423458
286.515 0.456881 0.34363
290.494 12.4134 1.66869
294.474 2.31023 0.912765
298.453 0.314646 1.88946
302.432 1.90039 5.07404
306.412 7.05053 1.51943
310.391 2.12975 0.716975
314.37 4.52947 1.41295
318.35 1.59001 0.631411
322.329 0.10136 0.0537565
326.309 1.40182 0.453224
330.288 0.155738 1.50958
334.267 0.0503033 1.45243
338.247 4.34338 0.33469
342.226 4.15887 0.141221
346.205 2.01738 0.0419025
350.185 0.593489 0.0140216
354.164 1.86779 0.190129
358.144 8.65363 1.97416
362.123 2.72389 0.0242676
366.102 2.0796 0.728612
370.082 3.60291 0.203751
374.061 0.932903 0.713872
378.04 5.99152 0.668534
382.02 10.0138 0.280415
385.999 0.716259 0.176643
389.979 0.740578 2.16681
393.958 1.80504 0.505683
397.937 3.42341 0.220131
401.917 0.174217 0.427423
405.896 6.38601 0.893894
409.875 2.88432 0.148476
413.855 5.78508 0.0522133
417.834 1.95369 0.453436
421.813 2.80218 1.70238
425.793 1.90179 0.183368
429.772 7.10675 0.229204
433.752 0.781054 1.06529
437.731 7.04353 0.362729
441.71 1.17772 1.33361
445.69 0.000166056 1.54562
449.669 1.66251 1.19979
453.648 3.41717 2.28989
457.628 1.98151 0.182039
461.607 0.78192 0.984381
465.587 1.12929 0.179943
469.566 1.91457 0.0194983
473.545 0.500624 0.414629
477.525 3.11762 0.467122
481.504 0.619074 0.662839
485.483 4.12404 0.0937744
489.463 0.972597 0.106232
493.442 3.657 0.37821
497.422 5.50579 0.151844
501.401 0.540823 0.502155
505.38 3.84127 2.11548
509.36 4.12303 1.03572
513.339 0.735594 0.0653314
517.318 3.94688 0.658661
521.298 0.703968 0.25914
525.277 3.39276 0.0792654
529.257 2.43342 1.98942
533.236 5.36997 1.15337
537.215 3.64707 0.66216
541.195 2.15474 0.498606
545.174 4.64704 1.56867
549.153 0.739247 2.44419
553.133 6.33267 2.23665
557.112 3.77171 1.20409
561.092 3.69864 1.55532
565.071 5.58429 1.41758
569.05 4.45273 0.00999393
573.03 5.94825 0.120251
577.009 12.6056 0.488098
580.988 0.012169 0.76514
584.968 1.5854 0.110419
588.947 1.06079 0.1579
592.927 0.385741 0.190509
596.906 1.56324 1.48642
600.885 1.26298 2.42997
604.865 1.58988 1.11557
608.844 1.52997 0.0634346
612.823 4.4779 0.198203
616.803 1.18051 0.0411805
620.782 0.0421398 0.00861994
624.761 1.08973 0.1192
628.741 0.865538 0.0704059
632.72 4.9889 0.211143
636.7 4.18461 0.611264
640.679 1.42944 0.973834
644.658 0.887706 0.105726
648.638 1.94152 0.269221
652.617 1.84032 0.456798
656.596 1.75027 0.892122
660.576 1.70451 0.358438
664.555 2.13602 1.16531
668.535 3.23678 0.89551
672.514 5.63736 1.12681
676.493 0.589386 0.35108
680.473 0.0292062 0.238938
684.452 0.429759 0.164601
688.431 7.77735 0.0342285
692.411 2.02485 0.0600591
696.39 6.4293 0.274838
700.37 1.60621 2.40361
704.349 1.93473 0.0270021
708.328 2.4387 0.535038
712.308 0.465857 0.857847
716.287 2.32453 0.103465
720.266 0.477036 2.34962
724.246 0.41576 1.75743
728.225 0.290392 0.457862
732.205 0.259851 0.460203
736.184 6.28991 0.381902
740.163 1.66698 0.878448
744.143 2.60391 0.297811
748.122 0.0823263 0.758077
752.101 4.36968 0.131246
756.081 1.10575 2.39869
760.06 2.10008 0.670501
764.04 2.44806 0.458293
768.019 2.91603 0.643076
771.998 0.514616 1.79638
775.978 0.266497 0.130242
779.957 3.01215 0.381165
783.936 8.28181 0.413778
787.916 3.90251 1.41805
791.895 1.10012 2.39532
795.875 1.76031 0.330866
799.854 2.27689 0.153639
803.833 2.30539 1.98689
807.813 2.81851 2.17944
811.792 0.289624 0.454075
815.771 0.271522 0.198701
819.751 5.48863 0.0252254
823.73 2.15893 0.420006
827.709 2.35968 0.217705
831.689 2.60359 0.21896
835.668 1.4159 0.00908193
839.648 11.9927 0.722695
843.627 1.40676 3.48021
847.606 1.11349 0.133408
851.586 4.93555 0.505458
855.565 1.37708 0.0506506
859.544 4.85598 0.255178
863.524 3.45199 0.814652
867.503 3.0148 0.822144
871.483 5.77122 0.413852
875.462 1.67498 0.25376
879.441 4.02083 0.401924
883.421 10.4119 1.32307
887.4 1.52017 0.0353245
891.379 1.78852 0.321381
895.359 0.892121 3.17476
899.338 3.58347 1.765
903.318 0.387116 3.62229
907.297 0.777337 0.0839584
911.276 6.66364 0.199362
915.256 1.45956 0.0450963
919.235 0.362494 1.60103
923.214 0.427509 0.357387
927.194 1.17648 1.03609
931.173 4.76207 0.141424
935.153 1.05396 0.272309
939.132 1.30099 0.203602
943.111 2.43148 2.14307
947.091 2.38567 1.51469
951.07 1.28674 1.04202
955.049 0.483428 2.58071
959.029 3.69216 0.450866
963.008 2.83831 0.259825
966.988 1.77999 0.405302
970.967 1.42602 0.694979
974.946 9.67595 1.69311
978.926 0.0584679 0.593707
982.905 0.48219 0.67279
986.884 0.728236 0.391583
990.864 11.1582 0.237733
994.843 10.5272 0.385264
998.823 6.56894 0.528712
1002.8 0.97625 0.350148
1006.78 0.0806419 1.04151
1010.76 1.19939 1.93433
1014.74 0.553848 0.0374367
1018.72 1.20114 0.443126
1022.7 2.1551 0.321331
1026.68 1.46733 0.855783
1030.66 8.68535 0.929774
1034.64 3.39137 0.313569
1038.62 2.38462 1.58543
1042.6 0.481452 0.249195
1046.57 3.02404 0.929277
1050.55 1.84978 0.349723
1054.53 2.44978 1.91436
1058.51 2.09574 0.390584
1062.49 1.66281 0.314609
1066.47 0.0256441 0.245408
1070.45 3.52221 0.0922219
1074.43 1.02652 0.891247
1078.41 3.86367 2.22991
1082.39 0.772755 0.781383
1086.37 10.7355 0.666397
1090.35 7.38793 0.0127617
1094.33 1.74303 1.26021
1098.31 3.13748 0.30481
1102.29 7.55967 0.0767263
1106.27 14.1792 0.550402
1110.24 4.93006 0.0714634
1114.22 5.26034 0.396108
1118.2 6.54814 1.63502
1122.18 1.19385 0.107437
1126.16 2.36005 1.54054
1130.14 1.43099 1.91664
1134.12 0.386636 1.92595
1138.1 1.01532 2.58826
1142.08 0.370228 0.0275243
1146.06 1.14153 0.369659
1150.04 2.48198 0.267537
1154.02 2.60327 1.63067
1158 0.815598 1.78846
1161.98 0.473016 0.811576
1165.96 2.94671 0.0596776
1169.94 7.25715 0.213165
1173.91 1.70831 0.0463621
1177.89 1.93117 1.7873
1181.87 1.71152 1.71255
1185.85 3.76799 0.564577
1189.83 1.15948 4.64693
1193.81 2.72871 0.477078
1197.79 0.0156094 2.91648
1201.77 3.27074 0.298109
1205.75 0.670797 0.0489702
1209.73 1.10994 0.487058
1213.71 3.00769 0.204263
1217.69 1.70011 0.344063
1221.67 2.69006 0.308775
1225.65 2.69521 0.107417
1229.63 3.21025 0.315501
1233.61 5.17318 0.807293
1237.58 0.114866 5.4251
1241.56 1.7834 0.958502
1245.54 3.3446 1.2577
1249.52 2.49078 1.65405
1253.5 0.361375 0.898614
1257.48 0.256862 0.11985
1261.46 0.0657821 0.207707
1265.44 0.905865 0.553603
1269.42 0.593195 2.39091
1273.4 1.17965 0.08488
1277.38 8.26864 1.02604
1281.36 0.161811 2.05969
1285.34 6.67135 0.382871
1289.32 0.712998 0.119958
1293.3 0.628693 0.801998
1297.28 0.0269142 0.0767389
1301.25 2.89631 0.65256
1305.23 0.304646 0.138867
1309.21 6.80691 0.0452385
1313.19 1.92275 0.0923328
1317.17 2.13021 2.93261
1321.15 0.315943 1.45934
1325.13 1.98324 0.237321
1329.11 0.804669 0.382884
1333.09 0.396635 0.317017
1337.07 1.53081 0.764546
1341.05 0.066656 0.423909
1345.03 3.25064 0.054462
1349.01 7.35992 0.794734
1352.99 1.17505 0.577396
1356.97 5.37496 0.38944
1360.95 0.99032 0.290398
1364.92 2.47372 1.00243
1368.9 2.27056 0.69914
1372.88 3.28695 0.755455
1376.86 6.60245 0.0817739
1380.84 6.65789 0.0222186
1384.82 8.3043 0.388443
1388.8 4.77361 0.340716
1392.78 1.31656 0.0144811
1396.76 4.41784 1.38757
1400.74 3.01057 0.189105
1404.72 2.31189 0.0668783
1408.7 0.0261837 0.0790321
1412.68 0.467458 0.0513292
1416.66 0.755624 1.4549
1420.64 0.170052 0.615194
1424.62 6.48721 0.457169
1428.59 1.21126 0.166979
1432.57 1.67031 0.563454
1436.55 0.219038 1.14066
1440.53 1.47464 1.96515
1444.51 1.29331 1.6953
1448.49 6.14621 1.58009
1452.47 0.642247 3.2775
1456.45 2.60022 0.34006
1460.43 3.08462 0.354172
1464.41 2.40273 0.226746
1468.39 0.671366 0.858665
1472.37 0.307738 0.557352
1476.35 1.51028 0.130627
1480.33 2.64156 2.64843
1484.31 2.81706 0.147541
1488.29 0.559349 0.0636536
1492.26 11.291 0.953708
1496.24 1.19418 0.531402
1500.22 5.43033 0.598049
1504.2 1.61155 0.551668
1508.18 3.84239 1.57411
1512.16 1.6651 0.00103823
1516.14 11.5257 0.287301
1520.12 3.09576 0.460064
1524.1 3.30529 0.30722
1528.08 4.47075 2.17568
1532.06 1.55409 0.354595
1536.04 0.201891 1.17723
1540.02 0.788266 0.210668
1544 4.44888 0.136184
1547.98 3.83426 0.261186
1551.96 0.6471 0.510851
1555.93 2.30018 1.39455
1559.91 11.0654 0.417527
1563.89 0.246788 1.27795
1567.87 11.118 0.127543
1571.85 0.85125 0.0587624
1575.83 1.56729 0.0853955
1579.81 1.69687 0.212326
1583.79 8.21407 0.0937692
1587.77 2.83242 2.0224
1591.75 8.04299 0.207981
1595.73 0.762614 0.495355
1599.71 0.022489 0.765624
1603.69 3.54422 0.355396
1607.67 2.7195 0.925915
1611.65 1.82409 0.325325
1615.63 3.18466 1.10215
1619.6 3.30998 0.728982
1623.58 0.266713 1.55599
1627.56 0.254621 0.179106
1631.54 2.83505 0.386911
1635.52 3.88637 0.561348
1639.5 0.468878 0.00040959
1643.48 0.199815 0.0492474
1647.46 1.28477 2.02054
1651.44 2.76564 1.46573
1655.42 0.513155 0.130003
1659.4 3.8976 0.0921868
1663.38 5.78191 0.76097
1667.36 0.0782819 0.489558
1671.34 0.250344 0.0379562
1675.32 4.22079 0.941588
1679.3 1.83021 0.142419
1683.27 3.31334 1.27509
1687.25 2.66611 1.60461
1691.23 2.56755 0.395377
1695.21 3.64158 0.543693
1699.19 10.826 1.0025
1703.17 0.511132 0.888515
1707.15 0.103994 0.929585
1711.13 5.59016 0.495536
1715.11 0.409827 0.333539
1719.09 0.820695 1.92594
1723.07 3.55002 0.311217
1727.05 1.94421 2.47664
1731.03 0.877584 0.22271
1735.01 3.04714 0.507796
1738.99 1.3347 0.153902
1742.97 2.65565 0.296194
1746.94 0.68474 0.444131
1750.92 0.929406 0.331613
1754.9 11.4737 0.986861
1758.88 0.631251 0.256776
1762.86 1.41479 1.1328
1766.84 3.46129 0.316803
1770.82 9.9512 0.998553
1774.8 17.8987 1.50713
1778.78 0.138869 0.499748
1782.76 2.06099 0.62923
1786.74 0.266743 0.517135
1790.72 8.09425 0.741111
1794.7 1.11966 0.40428
1798.68 3.58478 0.321004
1802.66 0.922102 0.0459146
1806.64 0.65037 1.88079
1810.61 8.29043 0.305383
1814.59 3.87289 0.0923875
1818.57 4.13765 0.0439191
1822.55 0.274316 0.0760686
1826.53 3.92187 0.626908
1830.51 1.0975 0.314303
1834.49 2.56017 0.283285
1838.47 2.4614 0.54631
1842.45 0.157578 1.73571
1846.43 2.85916 1.31525
1850.41 0.83927 0.0294902
1854.39 4.05554 0.183343
1858.37 3.10202 0.0329045
1862.35 3.90014 0.0787979
1866.33 4.23981 1.28619
1870.31 8.0778 0.122715
1874.28 0.539292 1.26102
1878.26 5.97377 0.193459
1882.24 0.833739 0.917392
1886.22 11.3851 0.279211
1890.2 1.49487 0.307079
1894.18 4.74702 1.26636
1898.16 1.15221 2.73203
1902.14 6.66524 0.257757
1906.12 1.74362 0.317919
1910.1 3.28056 0.553884
1914.08 2.77961 1.6517
1918.06 0.376831 0.731422
1922.04 2.02941 0.46071
1926.02 0.434448 0.285397
1930 2.02711 0.981521
1933.98 0.985986 1.58505
1937.95 1.21948 0.145643
1941.93 1.76162 0.529389
1945.91 4.67865 0.164793
1949.89 0.235723 0.25713
1953.87 4.68855 0.67065
1957.85 0.0291915 1.22708
1961.83 3.73429 0.614328
1965.81 3.61236 0.508489
1969.79 2.97771 1.34674
1973.77 1.60229 1.10626
1977.75 0.097742 0.292374
1981.73 5.67777 0.530226
1985.71 0.785699 0.0770865
1989.69 0.124686 2.09047
1993.67 2.65996 0.847905
1997.65 7.58739 0.00758601
2001.62 8.01397 0.925232
2005.6 2.5606 1.58721
2009.58 0.369425 0.0233557
2013.56 0.398157 2.30407
2017.54 2.32837 0.0852735
2021.52 4.75406 0.457575
2025.5 3.59753 0.397781
2029.48 18.6823 0.209466
2033.46 0.789483 1.0495
2037.44 4.08892 0.726675
2041.42 0.779646 2.22522
2045.4 8.02428 1.41461
2049.38 6.26932 0.153746
2053.36 0.413295 0.103891
2057.34 0.873865 0.0528918
2061.31 3.10251 2.5127
2065.29 1.79474 0.323079
2069.27 7.62223 0.231223
2073.25 6.35721 0.559609
2077.23 2.30233 0.28565
2081.21 1.1841 0.975208
2085.19 0.930962 0.421742
2089.17 2.03556 1.43925
2093.15 1.20412 2.61032
2097.13 0.0418862 0.0102006
2101.11 1.60207 0.2219
2105.09 1.80662 0.198729
2109.07 7.95537 1.17488
2113.05 1.96972 0.612421
2117.03 0.781275 0.406785
2121.01 2.24226 0.00856506
2124.98 5.35564 0.0652239
2128.96 7.05617 2.52546
2132.94 3.07252 0.12368
2136.92 7.22626 2.1312
2140.9 0.615351 0.154252
2144.88 0.406523 0.0864771
2148.86 4.28196 2.76951
2152.84 3.93332 0.551537
2156.82 1.59335 1.11708
2160.8 0.837648 2.56615
2164.78 3.33615 0.721078
2168.76 1.49752 0.905122
2172.74 0.86956 0.557663
2176.72 4.63742 0.0961114
2180.7 0.192131 1.62226
2184.68 1.14773 1.06717
2188.65 3.65494 2.55968
2192.63 0.376077 0.602957
2196.61 0.9289 1.98689
2200.59 0.535797 1.32084
2204.57 4.45782 1.14727
2208.55 10.4376 0.0512688
2212.53 1.83975 0.432532
2216.51 6.77608 0.413199
2220.49 1.41169 0.134062
2224.47 3.77669 0.228672
2228.45 11.4712 0.0268448
2232.43 0.692256 1.2711
2236.41 12.554 1.43194
2240.39 0.844217 0.0878406
2244.37 0.233545 4.65871
2248.35 5.20761 0.693475
2252.32 1.37893 0.656349
2256.3 3.57166 0.166338
2260.28 0.538526 0.300852
2264.26 2.56743 0.247274
2268.24 0.810666 0.978007
2272.22 1.54825 1.1768
2276.2 8.60162 0.373579
2280.18 2.0588 0.863361
2284.16 0.600759 0.379411
2288.14 0.825247 0.529436
2292.12 3.71053 0.91918
2296.1 1.35523 0.753815
2300.08 3.10467 0.234708
2304.06 8.07576 2.33535
2308.04 13.2087 1.315
2312.02 0.0159876 0.753804
2315.99 6.85401 0.127182
2319.97 2.71593 1.67415
2323.95 0.103065 0.0136966
2327.93 4.35516 0.428903
2331.91 1.35401 1.92741
2335.89 2.04123 0.368763
2339.87 2.87869 0.665325
2343.85 3.65184 0.896335
2347.83 2.76175 0.229657
2351.81 4.00664 0.109245
2355.79 0.982063 1.94666
2359.77 7.044 0.412506
2363.75 5.67904 0.343527
2367.73 0.853532 0.786369
2371.71 3.808 1.51227
2375.69 3.36886 1.81815
2379.66 4.86386 0.34596
2383.64 3.12565 0.616504
2387.62 2.58408 0.253407
2391.6 0.464803 0.382148
2395.58 4.23013 2.13788
2399.56 2.77637 1.47625
2403.54 1.06409 0.316527
2407.52 3.46364 1.26646
2411.5 3.12571 1.21112
2415.48 0.0962515 1.27133
2419.46 0.0282582 0.0392656
2423.44 4.58737 0.523549
2427.42 6.50932 0.12046
2431.4 0.172828 0.628964
2435.38 2.1675 3.02343
2439.36 2.22301 0.094696
2443.33 12.672 0.210351
2447.31 1.77473 1.06228
2451.29 6.27815 0.626572
2455.27 4.42526 0.0829776
2459.25 0.449447 0.331954
2463.23 2.93847 0.414848
2467.21 1.4739 0.385232
2471.19 1.32222 0.048555
2475.17 1.86294 0.139126
2479.15 2.82126 0.122975
2483.13 1.23675 0.661613
2487.11 11.7982 0.538204
2491.09 0.785285 0.339235
2495.07 8.89521 0.607757
2499.05 13.5384 2.33363
2503.03 0.104538 0.0949525
2507 7.18191 1.14101
2510.98 0.927455 1.86075
2514.96 0.647231 1.06471
2518.94 2.07957 0.6393
2522.92 3.22414 2.90772
2526.9 3.09358 0.333658
2530.88 1.13511 0.763346
2534.86 7.65675 0.0272978
2538.84 0.309076 0.523025
2542.82 0.587788 1.03381
2546.8 0.50309 0.268204
2550.78 2.41184 0.59696
2554.76 0.773036 0.843238
2558.74 6.82075 0.0809536
2562.72 0.403377 3.05547
2566.7 8.28647 0.301026
2570.67 1.29414 0.30178
2574.65 1.50342 2.20037
2578.63 1.36939 0.361878
2582.61 3.55966 1.33353
2586.59 9.52068 0.123978
2590.57 7.61719 0.0792149
2594.55 3.49871 0.261388
2598.53 0.407758 1.19023
2602.51 0.833319 2.08383
2606.49 0.872955 0.0771977
2610.47 3.49031 1.09951
2614.45 2.39044 0.0414233
2618.43 2.53487 0.137434
2622.41 0.748556 0.904302
2626.39 4.27976 2.54884
2630.37 2.39778 3.86671
2634.34 1.34405 0.0283773
2638.32 12.4112 0.314031
2642.3 0.690124 1.50819
2646.28 3.1711 0.050504
2650.26 0.867851 1.83383
2654.24 4.65584 0.612313
2658.22 0.255305 0.38368
2662.2 0.750503 0.384219
2666.18 2.23912 0.562629
2670.16 7.89153 0.237376
2674.14 0.655864 0.569979
2678.12 0.2638 2.23607
2682.1 2.18397 1.13967
2686.08 1.91147 0.351379
2690.06 0.00215165 0.86968
2694.04 4.8696 0.271042
2698.01 4.22854 1.24674
2701.99 2.75588 0.058696
2705.97 3.8764 0.34806
2709.95 0.374961 0.875209
2713.93 0.334044 1.09321
2717.91 3.74105 0.59598
2721.89 6.51778 1.00925
2725.87 4.48066 0.244287
2729.85 4.56278 0.809042
2733.83 3.89321 1.11834
2737.81 4.86174 0.0280361
2741.79 6.03628 1.05882
2745.77 0.0411948 0.544444
2749.75 7.47224 0.240459
2753.73 0.120037 0.0229935
2757.71 1.69296 0.440887
2761.68 1.9083 0.582475
2765.66 2.3415 0.317176
2769.64 3.30076 0.287461
2773.62 0.192434 0.609173
2777.6 1.01252 2.37876
2781.58 3.08363 0.725937
2785.56 1.12413 3.16895
2789.54 3.16207 1.08635
2793.52 1.6876 0.341235
2797.5 0.0677541 0.500826
2801.48 7.74262 1.8241
2805.46 0.467082 0.0191347
2809.44 0.483941 0.577797
2813.42 9.96547 0.839846
2817.4 0.93052 0.0976546
2821.38 2.25436 0.0464688
2825.35 26.4923 0.106437
2829.33 0.463227 0.8675
2833.31 0.712114 0.0805675
2837.29 5.90611 0.285442
2841.27 9.798 0.220843
2845.25 1.55467 4.66955
2849.23 3.73037 2.16452
2853.21 0.492451 0.0846099
2857.19 3.21271 0.263369
2861.17 1.83656 0.802614
2865.15 7.17551 2.05188
2869.13 0.916913 0.90794
2873.11 1.40257 0.105903
2877.09 1.24583 0.914065
2881.07 1.10806 0.0823512
2885.05 0.752242 0.925955
2889.02 0.23363 1.17946
2893 2.57872 0.49545
2896.98 0.136461 1.86145
2900.96 0.19786 0.701501
2904.94 8.94963 0.579055
2908.92 0.320665 0.273086
2912.9 0.656881 1.7431
2916.88 6.65753 1.27556
2920.86 1.08239 0.849658
2924.84 10.561 0.164038
2928.82 4.14658 1.3885
2932.8 1.38582 0.772102
2936.78 0.513367 1.71273
2940.76 1.49646 0.482104
2944.74 0.497251 0.113501
2948.72 0.584162 1.33107
2952.69 2.56798 0.258336
2956.67 3.79881 2.35201
2960.65 1.1015 2.49736
2964.63 1.97698 1.21488
2968.61 0.854129 0.327507
2972.59 13.1151 0.804406
2976.57 0.873332 1.7297
2980.55 1.46591 0.0231743
2984.53 0.40302 0.0892988
2988.51 0.485787 0.193826
2992.49 1.27172 1.36046
2996.47 1.48709 0.510833
3000.45 0.365714 0.825193
3004.43 4.77063 0.600539
3008.41 1.9954 0.666255
3012.38 2.9643 0.165469
3016.36 5.36827 0.689617
3020.34 0.657081 0.399658
3024.32 1.77576 1.17002
3028.3 5.89244 2.90714
3032.28 4.42206 1.59646
3036.26 2.08823 1.01494
3040.24 0.960783 1.7915
3044.22 4.4435 0.612815
3048.2 4.19615 1.92451
3052.18 0.272911 3.03734
3056.16 3.55637 0.0575201
3060.14 4.7051 0.948216
3064.12 1.44546 1.7773
3068.1 1.9023 0.27931
3072.08 2.1685 0.907457
3076.05 1.15443 0.161745
3080.03 1.83119 0.265629
3084.01 4.42742 0.66192
3087.99 3.3299 1.41703
3091.97 3.42877 4.80746
3095.95 5.59466 0.401411
3099.93 0.798578 1.37745
3103.91 11.5407 0.3234
3107.89 0.433094 2.42867
3111.87 1.43247 0.875124
3115.85 0.0610406 0.541902
3119.83 1.93241 0.311751
3123.81 1.10736 0.19496
3127.79 3.28989 0.428386
3131.77 2.1745 0.961158
3135.75 1.39189 0.299188
3139.72 2.37535 0.0313003
3143.7 0.119974 1.01101
3147.68 4.59415 1.10157
3151.66 4.08532 1.45642
3155.64 1.13671 2.89781
3159.62 4.88574 0.662717
3163.6 0.819751 0.0261509
3167.58 2.80666 0.105806
3171.56 3.26356 1.29034
3175.54 1.26229 0.164412
3179.52 2.92307 1.03555
3183.5 0.908063 0.938083
3187.48 5.18991 0.118881
3191.46 1.34184 0.397795
3195.44 2.09007 2.14935
3199.42 1.63928 0.16632
3203.39 2.68337 0.0844528
3207.37 3.83111 1.31721
3211.35 3.9701 0.405105
3215.33 1.81475 0.374571
3219.31 1.46211 1.60006
3223.29 4.6863 0.0412617
3227.27 0.534739 0.0892771
3231.25 0.774103 0.319183
3235.23 2.76109 0.744598
3239.21 0.767809 1.65622
3243.19 5.42464 0.815435
3247.17 0.0833494 1.12894
3251.15 2.68317 1.56375
3255.13 0.7358 0.000275563
3259.11 2.71892 0.465059
3263.09 1.56512 0.0804971
3267.06 0.264161 1.21392
3271.04 0.106848 0.402268
3275.02 8.73616 0.450846
3279 0.350436 2.42402
3282.98 1.80219 0.0609017
3286.96 3.43313 0.0516881
3290.94 12.121 0.124627
3294.92 4.2499 0.563583
3298.9 2.81847 0.476613
3302.88 0.831268 0.206116
3306.86 5.69527 1.53122
3310.84 1.39228 0.456911
3314.82 7.41824 0.420025
3318.8 1.99043 0.404591
3322.78 3.13661 0.891435
3326.76 5.89891 0.136629
3330.73 9.02707 1.10578
3334.71 5.05548 0.35523
3338.69 4.64576 1.27813
3342.67 2.66364 0.18778
3346.65 0.152165 0.423246
3350.63 1.64598 1.32229
3354.61 0.126551 0.0249938
3358.59 1.32392 0.310608
3362.57 2.43164 1.21832
3366.55 0.11949 0.545545
3370.53 3.30466 0.116665
3374.51 2.84002 0.0928668
3378.49 4.34796 0.893587
3382.47 0.395439 0.625765
3386.45 2.04819 0.977773
3390.43 0.740708 1.10184
3394.4 3.79598 0.0251253
3398.38 0.0306509 0.543375
3402.36 5.56752 0.197247
3406.34 8.35368 2.18122
3410.32 1.14542 0.327606
3414.3 1.55316 1.39862
3418.28 1.59554 0.171253
3422.26 2.2214 1.61966
3426.24 1.33827 1.19786
3430.22 2.53218 1.96318
3434.2 9.37955 0.183734
3438.18 6.8529 0.163618
3442.16 0.825774 0.136809
3446.14 5.66864 0.492689
3450.12 1.51694 0.291122
3454.1 1.17912 0.0186408
3458.07 1.11862 0.0741383
3462.05 0.122519 1.3104
3466.03 0.497764 0.0629019
3470.01 3.11206 1.34948
3473.99 0.119559 1.07638
3477.97 4.33096 1.2304
3481.95 3.25473 0.00682597
3485.93 1.72094 0.236524
3489.91 0.0998 0.363714
3493.89 2.1684 0.326644
3497.87 3.08649 0.281227
3501.85 1.96933 2.38713
3505.83 3.58792 1.16504
3509.81 1.38635 1.63615
3513.79 0.09101 0.822371
3517.77 2.91708 2.73417
3521.74 3.40609 1.383
3525.72 0.889432 0.485846
3529.7 3.20272 0.564261
3533.68 3.67587 1.06862
3537.66 1.06736 0.140807
3541.64 1.65339 0.290072
3545.62 1.45051 1.39569
3549.6 3.00668 0.588818
3553.58 1.36842 0.0565278
3557.56 3.7272 0.232313
3561.54 2.58882 0.185653
3565.52 0.309163 0.116824
3569.5 3.16745 0.812595
3573.48 6.34104 1.24943
3577.46 9.84289 1.76527
3581.44 6.09967 0.617649
3585.41 8.84165 0.24435
3589.39 2.98468 0.260698
3593.37 2.83864 0.192328
3597.35 4.42589 0.295732
3601.33 2.46251 0.0215797
3605.31 0.739288 1.55529
3609.29 12.2342 0.73157
3613.27 0.803497 2.38257
3617.25 5.31849 0.701876
3621.23 11.0312 0.0100542
3625.21 2.95592 3.38842
3629.19 0.702005 0.312324
3633.17 0.865533 1.14956
3637.15 0.180728 2.5595
3641.13 0.586774 0.608378
3645.11 2.13882 0.495511
3649.08 1.71658 0.538708
3653.06 6.4152 1.48441
3657.04 2.11444 0.284262
3661.02 0.190413 0.421827
3665 1.48107 0.155601
3668.98 5.66445 2.63936
3672.96 0.0294769 0.169203
3676.94 1.4204 1.13272
3680.92 2.80175 0.705604
3684.9 3.57505 0.485577
3688.88 0.759717 0.290817
3692.86 13.7458 0.441084
3696.84 0.293679 0.149999
3700.82 2.12706 0.717048
3704.8 2.17177 0.107165
3708.78 0.373772 0.0633958
3712.75 0.257969 0.454663
3716.73 0.161776 0.320162
3720.71 1.81669 1.50304
3724.69 3.47796 0.5488
3728.67 12.9361 0.702698
3732.65 7.40043 0.161934
3736.63 1.66789 0.554903
3740.61 2.72511 0.118229
3744.59 4.38018 0.191171
3748.57 4.71217 0.296943
3752.55 0.363834 0.0654199
3756.53 3.34672 0.0941897
3760.51 1.52672 1.489
3764.49 0.326744 0.822352
3768.47 0.357672 0.700804
3772.45 6.55706 0.925522
3776.42 2.00735 0.61303
3780.4 5.01239 1.21445
3784.38 5.14035 0.951727
3788.36 5.69947 1.03028
3792.34 0.954982 0.459396
3796.32 10.6715 0.91468
3800.3 0.774074 0.719859
3804.28 1.68543 0.906128
3808.26 1.15519 0.521104
3812.24 4.46018 0.251788
3816.22 0.890423 0.28346
3820.2 7.95398 0.863065
3824.18 0.434495 0.104242
3828.16 7.23752 0.643079
3832.14 0.114594 0.00696826
3836.12 1.80352 0.577749
3840.09 3.71863 1.38826
3844.07 3.57888 0.446472
3848.05 3.43085 0.0937864
3852.03 4.24949 1.62553
3856.01 0.627655 1.30291
3859.99 2.90697 0.458522
3863.97 0.625064 0.0467094
3867.95 3.12195 2.16723
3871.93 1.38704 0.980921
3875.91 0.385704 0.153532
3879.89 0.776829 0.00699586
3883.87 0.843574 2.14563
3887.85 8.06267 0.939609
3891.83 2.69011 0.654006
3895.81 0.462448 1.57059
3899.79 0.312104 4.73954
3903.76 2.70701 0.193124
3907.74 1.35901 2.49756
3911.72 1.1116 0.136433
3915.7 1.78524 0.40053
3919.68 4.70399 0.132618
3923.66 3.52199 0.272844
3927.64 4.53895 0.0589665
3931.62 1.49314 0.104118
3935.6 10.5328 0.605184
3939.58 11.7929 0.960167
3943.56 5.26295 0.145492
3947.54 5.33265 0.957524
3951.52 6.04553 0.926427
3955.5 7.7638 0.314171
3959.48 2.17926 0.333669
3963.46 2.30656 1.73002
3967.43 3.34028 1.56078
3971.41 5.46373 0.809855
3975.39 9.2636 1.17508
3979.37 0.506937 0.4906
3983.35 0.486906 0.522525
3987.33 1.32438 0.484818
3991.31 1.36867 0.216282
3995.29 0.181058 0.270625
3999.27 5.54838 0.139456
4003.25 0.904339 0.404714
4007.23 2.63264 0.234093
4011.21 0.936634 0.03
4015.19 2.27696 0.237628
4019.17 3.38062 0.971637
4023.15 4.29802 1.75795
4027.12 0.490082 0.149443
4031.1 0.365422 0.646168
4035.08 3.57193 0.32332
4039.06 0.300975 0.0479154
4043.04 4.47681 0.358123
4047.02 3.29719 3.08082
4051 3.09548 0.117885
4054.98 1.94509 1.22656
4058.96 2.65381 0.577519
4062.94 0.0909252 0.378365
4066.92 2.36013 0.0490994
4070.9 3.93286 0.961451
4074.88 4.73377 2.1595
4078.86 0.796866 0.254311
4082.84 0.82342 0.0651206
4086.82 1.07803 0.0379059
4090.79 6.85413 0.218621
4094.77 9.50303 5.52748e-05
4098.75 0.439253 1.03703
4102.73 10.3529 0.0915852
4106.71 0.521263 0.353162
4110.69 2.39118 0.826913
4114.67 4.41244 0.515719
4118.65 0.758328 0.116593
4122.63 4.87585 0.937173
4126.61 4.42631 0.548031
4130.59 0.255175 0.135068
4134.57 0.566379 0.286499
4138.55 0.546009 0.500034
4142.53 2.28721 1.28481
4146.51 0.463839 0.108134
4150.49 2.11688 0.641733
4154.46 2.28248 0.914733
4158.44 0.562369 0.262495
4162.42 2.64165 0.341397
4166.4 2.66415 0.196603
4170.38 0.612739 2.22168
4174.36 1.32177 0.211763
4178.34 2.61158 0.223841
4182.32 2.44186 1.34762
4186.3 3.78475 0.417248
4190.28 0.675853 0.591631
4194.26 1.31402 0.855444
4198.24 1.79285 2.55744
4202.22 0.462878 0.32932
4206.2 3.30609 0.152694
4210.18 2.19649 0.15205
4214.16 0.968219 0.575714
4218.13 10.3035 1.28803
4222.11 0.253402 0.295809
4226.09 3.12493 0.374122
4230.07 0.239683 0.428138
4234.05 0.192734 0.394482
4238.03 3.56634 3.41908
4242.01 7.56708 0.341777
4245.99 3.72684 1.16284
4249.97 5.25435 1.91248
4253.95 1.59374 0.0915616
4257.93 1.54171 0.170548
4261.91 0.000560194 0.289034
4265.89 3.2587 0.581641
4269.87 2.01898 0.467568
4273.85 1.71774 0.579741
4277.83 3.36329 0.190954
4281.8 0.0697022 0.618123
4285.78 1.41183 3.0074
4289.76 10.1201 1.59689
4293.74 0.483022 0.0254835
4297.72 11.5135 0.279875
4301.7 4.05306 0.24423
4305.68 1.91578 0.979083
4309.66 0.593848 1.16705
4313.64 4.02777 1.38832
4317.62 2.98882 0.410194
4321.6 9.39737 0.813008
4325.58 2.84209 0.585971
4329.56 2.32765 3.28263
4333.54 2.98507 0.710412
4337.52 3.22361 0.255714
4341.5 1.88693 1.47211
4345.47 9.22829 0.0145646
4349.45 1.53221 0.261796
4353.43 1.4731 0.751488
4357.41 0.637448 0.0912768
4361.39 1.91706 0.749559
4365.37 1.16958 0.6597
4369.35 5.35378 2.44489
4373.33 5.15144 0.528775
4377.31 3.19203 1.65804
4381.29 4.67175 0.0906164
4385.27 2.56985 1.06082
4389.25 3.97685 0.762018
4393.23 2.45607 0.36561
4397.21 9.47545 0.777021
4401.19 1.72393 0.642869
4405.17 2.6497 0.0527008
4409.14 0.756061 0.563212
4413.12 7.5918 0.0386998
4417.1 0.352313 0.22277
4421.08 2.41385 1.1757
4425.06 1.74152 0.434523
4429.04 7.4482 2.51276
4433.02 1.28577 0.183996
4437 0.499476 0.566585
4440.98 8.08437 1.80927
4444.96 0.81231 0.271318
4448.94 0.481822 1.71145
4452.92 7.96402 0.105409
4456.9 9.84994 0.243047
4460.88 1.30851 0.46638
4464.86 3.07335 0.828735
4468.84 1.80403 0.00413247
4472.81 1.04027 0.337878
4476.79 4.89214 2.55856
4480.77 1.87249 0.870422
4484.75 2.6586 1.02683
4488.73 5.80647 0.0609684
4492.71 9.61341 1.83477
4496.69 0.207268 1.39146
4500.67 9.98046 0.342164
4504.65 0.657798 0.586986
4508.63 3.63619 0.545115
4512.61 0.166123 1.11361
4516.59 1.98277 2.47453
4520.57 3.77695 0.228956
4524.55 7.52957 0.63703
4528.53 1.46194 0.145445
4532.51 4.59104 0.653631
4536.48 3.98997 0.444736
4540.46 9.00744 1.93157
4544.44 1.82903 0.872007
4548.42 0.627372 0.547929
4552.4 3.85001 0.762259
4556.38 0.234544 1.73875
4560.36 1.56496 1.80705
4564.34 2.68056 0.0118502
4568.32 0.947678 0.966423
4572.3 1.25917 2.94001
4576.28 8.41611 0.296601
4580.26 0.671312 0.5954
4584.24 0.653681 1.22877
4588.22 4.25145 0.411665
4592.2 3.60037 0.651069
4596.18 0.470252 0.407115
4600.15 5.74937 0.525171
4604.13 9.5825 1.34227
4608.11 1.03316 0.0715323
4612.09 1.48402 0.211622
4616.07 8.47233 0.52757
4620.05 2.34424 0.209727
4624.03 0.140421 0.0897537
4628.01 6.18079 1.40006
4631.99 2.22239 0.414456
4635.97 0.387316 0.522251
4639.95 3.78068 0.241194
4643.93 2.07615 0.200468
4647.91 0.101674 0.158282
4651.89 0.326276 0.635594
4655.87 14.5777 0.0775634
4659.85 4.18178 1.67367
4663.82 1.19582 0.135677
4667.8 3.73984 0.731213
4671.78 1.8196 2.05573
4675.76 0.446568 0.225194
4679.74 3.41676 0.000677769
4683.72 0.401122 0.192614
4687.7 2.37254 0.217286
4691.68 4.19411 0.293974
4695.66 0.325277 2.7603
4699.64 16.3267 0.193232
4703.62 4.31378 1.1232
4707.6 3.92118 0.359232
4711.58 1.5379 0.641946
4715.56 9.44189 0.198179
4719.54 1.91209 0.228765
4723.52 0.0501898 0.0796911
4727.49 1.91201 1.64104
4731.47 12.0217 0.348833
4735.45 2.11298 0.977511
4739.43 0.9545 1.12609
4743.41 2.78729 0.468402
4747.39 2.5072 0.199556
4751.37 0.985193 0.336829
4755.35 2.07348 2.20748
4759.33 2.37115 0.479604
4763.31 0.473379 1.26806
4767.29 4.59909 0.254583
4771.27 0.602213 0.154541
4775.25 7.03623 0.429315
4779.23 5.76631 0.560836
4783.21 1.32888 1.33299
4787.19 3.90353 0.630225
4791.16 6.55232 2.44429
4795.14 0.836157 0.56803
4799.12 0.437769 0.0413673
4803.1 0.0470583 1.1108
4807.08 0.318429 0.0230674
4811.06 0.912375 0.0341479
4815.04 0.348574 0.160713
4819.02 6.65094 0.310635
4823 0.991504 2.45817
4826.98 11.5447 1.68446
4830.96 5.22652 1.08214
4834.94 1.89429 0.465984
4838.92 4.39202 1.2467
4842.9 0.873936 0.0268038
4846.88 8.34259 1.11493
4850.86 4.43604 1.79666
4854.83 5.70691 0.394829
4858.81 6.44767 0.802385
4862.79 11.8437 0.497553
4866.77 7.9357 1.29127
4870.75 3.13393 1.05209
4874.73 1.33211 0.615004
4878.71 2.76814 0.071781
4882.69 0.499983 0.36037
4886.67 3.85535 0.281674
4890.65 0.902166 0.417091
4894.63 1.98979 0.219688
4898.61 4.3036 1.0357
4902.59 5.14976 0.667051
4906.57 0.473488 2.27913
4910.55 3.26888 0.733361
4914.53 3.7822 0.356083
4918.5 1.90473 0.8577
4922.48 11.9004 0.462969
4926.46 2.39898 0.573818
4930.44 0.0850607 0.725238
4934.42 2.58556 0.0780593
4938.4 0.134767 0.613222
4942.38 1.84781 0.614112
4946.36 7.40473 1.18458
4950.34 0.342124 0.604654
4954.32 8.72364 1.70583
4958.3 1.31711 0.690287
4962.28 1.07249 0.0331761
4966.26 0.387368 0.355425
4970.24 8.32672 0.478517
4974.22 0.0531137 0.966416
4978.2 0.598321 0.813919
4982.17 2.94796 0.201466
4986.15 3.99897 0.753483
4990.13 1.07241 0.226079
4994.11 4.80064 0.280607
4998.09 0.408767 1.0605
5002.07 0.445427 0.830781
5006.05 0.415271 1.48433
5010.03 6.81356 0.568834
5014.01 2.26655 0.520899
5017.99 0.976953 0.252809
5021.97 1.90493 0.158828
5025.95 4.84356 1.46605
5029.93 0.790277 0.343262
5033.91 1.68491 0.188632
5037.89 0.495693 0.0420296
5041.86 1.91763 0.694807
5045.84 1.54995 0.652406
5049.82 1.16144 3.76611
5053.8 9.63111 0.469245
5057.78 3.01997 0.0962053
5061.76 1.99631 0.547884
5065.74 3.48992 2.7071
5069.72 2.41482 0.716709
5073.7 1.50506 0.529961
5077.68 3.21432 1.28086
5081.66 1.12606 3.05886
5085.64 1.38789 1.44029
5089.62 0.256404 1.06142
5093.6 6.80287 0.56042
5097.58 1.22226 0.0110808
5101.56 11.2703 1.46647
5105.53 1.04092 0.283779
5109.51 0.920408 0.0561074
5113.49 1.92888 0.409983
5117.47 1.25744 0.390704
5121.45 2.49933 2.80587
5125.43 3.57111 0.112882
5129.41 0.519526 0.0627047
5133.39 1.52115 0.134264
5137.37 1.75478 1.02
5141.35 9.87654 1.23361
5145.33 2.64685 2.14642
5149.31 1.965 1.21518
5153.29 0.550375 0.318195
5157.27 1.86045 0.39689
5161.25 3.47958 0.54907
5165.23 0.49949 1.65384
5169.2 1.03968 0.447961
5173.18 4.35736 0.126198
5177.16 4.3815 0.941272
5181.14 0.770707 0.751316
5185.12 6.20853 1.1132
5189.1 8.39707 0.867609
5193.08 5.78574 1.48628
5197.06 6.50733 0.463661
5201.04 1.46524 1.19411
5205.02 0.484861 0.301049
5209 1.75484 0.455828
5212.98 7.24766 0.455095
5216.96 0.0577827 0.446039
5220.94 0.025446 0.709068
5224.92 2.27857 1.27472
5228.9 5.32423 1.84354
5232.87 5.76475 0.517822
5236.85 1.8203 0.9856
5240.83 3.1409 0.044953
5244.81 1.30997 0.444981
5248.79 1.68291 1.08496
5252.77 2.97313 0.12944
5256.75 6.39651 0.0599913
5260.73 3.37816 2.30456
5264.71 3.08453 0.37046
5268.69 0.261837 0.27202
5272.67 0.372153 0.268285
5276.65 1.45188 0.225162
5280.63 2.39359 0.813418
5284.61 1.80913 0.0081272
5288.59 0.0911133 0.186832
5292.57 9.32723 0.175288
5296.54 0.878506 0.791692
5300.52 1.44367 0.611742
5304.5 1.32664 0.714279
5308.48 1.7984 0.166634
5312.46 3.38357 0.351113
5316.44 3.97607 0.402614
5320.42 0.545056 1.16149
5324.4 0.162289 2.54094
5328.38 8.97498 1.31338
5332.36 3.9691 0.36931
5336.34 0.370474 0.887128
5340.32 2.48449 2.2922
5344.3 2.14651 0.258307
5348.28 0.437481 1.20448
5352.26 0.174068 0.633059
5356.24 0.0459663 0.326599
5360.21 5.54423 0.64245
5364.19 1.17237 1.0489
5368.17 0.0805516 0.42771
5372.15 0.713844 0.704601
5376.13 0.288661 0.0594002
5380.11 1.21147 0.820401
5384.09 12.1787 0.665416
5388.07 2.5268 0.519053
5392.05 2.46717 0.869467
5396.03 3.35705 0.66947
5400.01 4.07969 2.09884
5403.99 0.448031 0.0570109
5407.97 1.15529 0.210768
5411.95 5.15651 0.710885
5415.93 2.20706 0.50387
5419.91 3.015 0.452632
5423.88 5.28544 0.478558
5427.86 5.91617 0.136574
5431.84 1.03464 1.3034
5435.82 0.387462 0.469007
5439.8 10.5305 0.153218
5443.78 0.878976 0.0617184
5447.76 1.29031 0.473646
5451.74 11.7848 0.0931587
5455.72 2.55288 0.808675
5459.7 8.03806 0.274253
5463.68 2.25109 0.779227
5467.66 4.43585 0.131578
5471.64 0.771285 0.253727
5475.62 5.59668 7.67436
5479.6 3.06927 0.0999259
5483.58 9.11628 0.427328
5487.55 2.83038 0.10808
5491.53 1.38021 0.073192
5495.51 0.388749 0.447518
5499.49 0.0943557 0.675738
5503.47 1.13584 0.165865
5507.45 10.6374 0.311899
5511.43 6.03991 0.535626
5515.41 0.877511 0.188406
5519.39 7.31421 0.126991
5523.37 0.866015 0.365989
5527.35 1.07959 0.177467
5531.33 0.32521 0.299258
5535.31 2.41536 0.583858
5539.29 13.5861 0.331814
5543.27 2.21307 0.345529
5547.25 1.8966 0.542126
5551.22 6.60741 0.785376
5555.2 1.41935 0.0733853
5559.18 0.676332 0.878899
5563.16 1.17154 0.0824381
5567.14 0.996868 0.888842
5571.12 0.320479 0.993408
5575.1 2.37029 0.452897
5579.08 5.50497 0.244785
5583.06 2.16609 0.154626
5587.04 3.85526 1.51467
5591.02 0.36427 2.48796
5595 6.12497 0.264924
5598.98 3.15922 1.73912
5602.96 3.65274 0.297466
5606.94 0.781159 0.306318
5610.92 2.02367 0.37404
5614.89 10.181 0.0984505
5618.87 3.78203 0.515915
5622.85 1.37231 0.673764
5626.83 4.45475 0.297704
5630.81 2.12076 0.418778
5634.79 2.4507 1.10533
5638.77 2.12329 0.0134305
5642.75 1.92029 0.165365
5646.73 0.141714 2.01372
5650.71 6.85382 0.235919
5654.69 1.813 0.135233
5658.67 4.35043 1.50656
5662.65 0.226363 1.40472
5666.63 3.75725 0.983268
5670.61 0.561952 0.247855
5674.59 1.82619 0.383941
5678.56 7.51384 2.62056
5682.54 0.0964719 0.0855905
5686.52 5.50821 0.445218
5690.5 11.1287 2.24551
5694.48 0.0343723 2.0046
5698.46 1.1072 0.952896
5702.44 0.451449 0.0540951
5706.42 0.720127 0.897786
5710.4 3.57275 1.48215
5714.38 1.02236 0.161793
5718.36 2.75181 1.30853
5722.34 6.39976 0.302154
5726.32 0.752146 1.211
5730.3 0.372413 0.0574883
5734.28 2.41232 0.379518
5738.26 3.44375 0.232406
5742.23 1.53114 1.07329
5746.21 4.87154 1.14903
5750.19 0.385548 2.14114
5754.17 1.30061 0.0989442
5758.15 3.27813 0.2508
5762.13 10.6265 0.94802
5766.11 4.85615 0.890799
5770.09 2.90686 0.349792
5774.07 1.61247 0.302519
5778.05 1.83899 0.38417
5782.03 1.9365 0.784092
5786.01 1.70028 0.0842065
5789.99 3.16691 0.345158
5793.97 0.254893 0.419595
5797.95 2.6649 0.213561
5801.93 2.60978 0.0174573
5805.9 6.49114 0.01915
5809.88 0.212235 0.720427
5813.86 9.08679 1.09826
5817.84 2.89479 2.04497
5821.82 0.354055 0.00588066
5825.8 0.874898 0.222424
5829.78 0.769319 0.287078
5833.76 0.825502 0.440907
5837.74 0.576234 3.43649
5841.72 2.10234 0.268745
5845.7 1.4581 0.808436
5849.68 1.1154 0.809749
5853.66 4.12428 0.509317
5857.64 1.84078 1.24556
5861.62 0.597075 0.112686
5865.6 2.51368 2.3881
5869.57 2.07869 0.260587
5873.55 2.94901 0.81908
5877.53 3.36076 0.109631
5881.51 1.70217 0.0775536
5885.49 4.51835 0.819102
5889.47 1.02469 0.308881
5893.45 10.6056 0.0933677
5897.43 0.251105 1.73909
5901.41 2.7241 0.702738
5905.39 4.74592 0.10306
5909.37 0.306558 1.76541
5913.35 4.77775 1.42121
5917.33 4.81236 1.20932
5921.31 2.46775 0.233657
5925.29 2.18 0.247114
5929.27 1.41422 1.27579
5933.24 0.366765 2.66669
5937.22 0.406544 0.0189465
5941.2 1.14451 0.875729
5945.18 1.78823 0.899562
5949.16 6.94354 0.0195561
5953.14 2.39107 0.616373
5957.12 2.45141 0.483574
5961.1 5.94976 1.58821
5965.08 3.35821 2.13145
5969.06 4.8853 0.293243
5973.04 5.97446 0.896509
5977.02 3.14528 0.744916
5981 10.9988 1.43067
5984.98 2.36248 0.136211
5988.96 3.03154 0.0453135
5992.94 0.282697 0.731487
5996.91 0.610264 0.693521
6000.89 1.51635 0.420888
6004.87 4.38611 0.054568
6008.85 0.293827 2.48488
6012.83 0.0553635 0.26754
6016.81 1.35627 0.369785
6020.79 1.95939 0.754073
6024.77 0.0311449 1.84533
6028.75 0.588356 0.0671858
6032.73 3.92567 1.76496
6036.71 0.258319 0.880231
6040.69 1.56553 0.186158
6044.67 1.87148 0.689397
6048.65 3.93521 0.0462839
6052.63 6.21159 0.848071
6056.6 0.53754 0.30117
6060.58 0.159228 0.242502
6064.56 0.176727 0.615646
6068.54 3.3641 0.442906
6072.52 5.33514 0.526862
6076.5 2.64371 0.373407
6080.48 5.05073 2.07183
6084.46 10.627 0.390195
6088.44 2.67051 1.02929
6092.42 0.798328 0.335006
6096.4 7.23812 0.999596
6100.38 10.2049 0.285489
6104.36 0.576743 0.706616
6108.34 0.158817 0.397427
6112.32 0.108598 0.393832
6116.3 0.469457 0.599846
6120.27 1.63945 0.218647
6124.25 8.32944 0.361986
6128.23 4.56862 0.361115
6132.21 7.98224 1.48341
6136.19 1.7805 0.167326
6140.17 1.70641 0.213692
6144.15 2.03316 0.059947
6148.13 2.59787 0.856594
6152.11 2.2879 0.509458
6156.09 0.816086 1.184
6160.07 0.323365 2.87038
6164.05 0.555638 0.241027
6168.03 2.00495 0.884855
6172.01 3.04069 0.05993
6175.99 0.123998 1.19679
6179.97 5.06294 4.60951
6183.94 1.5738 0.486449
6187.92 2.25287 0.707887
6191.9 1.07924 0.132321
6195.88 4.15724 0.927349
6199.86 2.33084 1.53769
6203.84 3.9412 0.149606
6207.82 1.18756 0.679004
6211.8 1.74416 0.23994
6215.78 0.654267 1.06329
6219.76 1.2007 0.637584
6223.74 4.60634 0.169585
6227.72 1.63255 0.459753
6231.7 8.13963 0.121692
6235.68 2.01091 0.357603
6239.66 0.340933 1.33474
6243.64 9.92103 1.04546
6247.61 4.30437 1.66016
6251.59 0.032552 0.0996864
6255.57 1.47743 1.20607
6259.55 0.429396 0.162288
6263.53 2.30232 2.09723
6267.51 4.72041 1.38467
6271.49 0.246022 0.697394
6275.47 1.27432 0.643231
6279.45 0.809023 0.723455
6283.43 2.55865 0.146676
6287.41 4.40066 0.917572
6291.39 1.12455 2.51178
6295.37 3.37804 0.114264
6299.35 1.07149 0.0732651
6303.33 1.48833 0.683386
6307.31 0.281671 1.6823
6311.28 2.53999 0.613324
6315.26 4.24419 0.280552
6319.24 1.61245 0.143445
6323.22 4.89943 0.142528
6327.2 1.92276 0.379154
6331.18 0.794074 0.2095
6335.16 1.17278 0.241876
6339.14 2.33918 0.99403
6343.12 1.19346 0.658674
6347.1 6.35638 0.626486
6351.08 2.71327 0.0137551
6355.06 1.93537 0.206366
6359.04 4.31164 1.98004
6363.02 3.26874 1.0937
6367 5.58909 0.754028
6370.98 1.29848 0.690729
6374.95 1.67031 0.368389
6378.93 0.550593 0.792219
6382.91 2.4588 0.0103372
6386.89 0.422096 0.902952
6390.87 1.14651 0.240769
6394.85 11.218 0.811646
6398.83 0.112616 0.424595
6402.81 2.49492 0.586649
6406.79 1.39109 0.343825
6410.77 3.91044 0.0521967
6414.75 0.122936 0.408881
6418.73 10.3819 0.24385
6422.71 0.231075 1.97549
6426.69 0.0816147 0.352311
6430.67 1.92807 0.226766
6434.65 1.5442 0.380209
6438.62 2.21649 1.8142
6442.6 22.3909 0.13534
6446.58 0.273614 0.673822
6450.56 2.21251 1.25967
6454.54 6.20787 0.0104497
6458.52 0.686228 1.32269
6462.5 3.32002 0.126936
6466.48 3.68022 2.07697
6470.46 2.64832 0.00696759
6474.44 0.888454 0.00469298
6478.42 2.42511 0.404634
6482.4 5.93002 0.343849
6486.38 0.0582838 0.285168
6490.36 0.750743 0.167051
6494.34 0.876411 0.669747
6498.32 0.923899 3.26202
6502.29 1.9691 2.33897
6506.27 7.10531 0.0211945
6510.25 0.345285 2.4605
6514.23 0.247935 0.438106
6518.21 2.25456 1.47609
6522.19 4.20499 1.1173
6526.17 1.81406 0.783975
6530.15 1.80775 1.00422
6534.13 0.532705 0.0789438
6538.11 0.553617 0.0473626
6542.09 3.60384 0.37019
6546.07 2.77011 0.627888
6550.05 0.132226 1.6366
6554.03 6.89981 0.00147305
6558.01 8.53033 1.26215
6561.99 5.27083 0.324831
6565.96 0.0812538 1.93777
6569.94 0.684772 0.792193
6573.92 3.28899 0.0772881
6577.9 9.58389 1.92522
6581.88 1.74122 0.175679
6585.86 5.84335 1.09693
6589.84 5.73628 0.614389
6593.82 7.15886 0.13108
6597.8 3.60119 0.450087
6601.78 3.52971 0.157646
6605.76 0.871792 0.13601
6609.74 5.68225 0.203734
6613.72 1.24495 0.423078
6617.7 4.52029 0.757286
6621.68 7.29093 3.31699
6625.66 0.957528 0.29219
6629.63 5.1078 0.513438
6633.61 6.48402 1.70122
6637.59 0.263722 0.619733
6641.57 5.18856 0.738903
6645.55 3.32825 1.34048
6649.53 1.22549 0.0751805
6653.51 0.134358 0.370212
6657.49 8.10393 0.285216
6661.47 0.538733 2.35559
6665.45 1.35516 0.263368
6669.43 1.61852 0.537783
6673.41 0.978701 0.14413
6677.39 0.0182369 0.0224079
6681.37 5.61209 0.409382
6685.35 2.65406 0.234881
6689.33 1.58453 0.273393
6693.3 0.176994 0.192232
6697.28 1.11555 7.18764
6701.26 3.1575 0.307501
6705.24 6.24398 2.30796
6709.22 4.80028 0.92328
6713.2 10.3827 1.69247
6717.18 6.45725 0.350017
6721.16 3.19868 0.229464
6725.14 4.74095 0.606299
6729.12 2.1275 0.327879
6733.1 3.87977 1.25422
6737.08 3.22074 0.939452
6741.06 5.24233 0.838945
6745.04 0.476355 0.478025
6749.02 1.36172 0.701156
6753 9.64369 0.22804
6756.97 0.255412 0.738856
6760.95 3.78458 1.14291
6764.93 3.64222 0.580364
6768.91 6.92722 1.1635
6772.89 0.982638 2.79249
6776.87 3.84256 0.24512
6780.85 2.20153 1.02089
6784.83 3.17273 0.40698
6788.81 0.950658 0.273183
6792.79 0.617322 1.22034
6796.77 2.42365 0.01755
6800.75 2.70435 0.279892
6804.73 0.820483 1.80381
6808.71 0.0769429 0.255311
6812.69 4.11498 1.84614
6816.67 3.28366 1.45693
6820.64 8.8997 0.100718
6824.62 1.70805 0.896435
6828.6 0.287979 0.348356
6832.58 1.18185 0.544027
6836.56 3.47301 0.626074
6840.54 8.12561 0.358908
6844.52 0.031507 0.151565
6848.5 1.66052 1.11435
6852.48 0.992827 0.827315
6856.46 0.825082 0.155364
6860.44 1.90128 1.63523
6864.42 1.56532 0.191571
6868.4 0.415227 0.0020811
6872.38 0.618559 0.191825
6876.36 2.38556 0.0190726
6880.34 2.45646 0.155679
6884.31 5.31174 0.26878
6888.29 4.0831 0.228483
6892.27 4.13815 0.392211
6896.25 7.54058 1.96661
6900.23 9.85345 1.07634
6904.21 8.08622 1.30663
6908.19 9.31684 0.469382
6912.17 8.27881 0.202785
6916.15 0.0910599 0.224564
6920.13 5.9741 0.209539
6924.11 0.190326 1.09753
6928.09 1.76261 0.0104083
6932.07 1.03991 0.106632
6936.05 0.744958 1.14149
6940.03 0.360148 1.11342
6944.01 0.136717 0.19789
6947.98 4.84946 0.170257
6951.96 4.38953 1.31376
6955.94 1.67792 0.154432
6959.92 11.2144 0.651342
6963.9 10.5692 0.16708
6967.88 0.215718 0.584791
6971.86 5.17932 0.48562
6975.84 2.25764 0.0354967
6979.82 3.04909 1.80228
6983.8 8.52797 0.18032
6987.78 2.96154 0.499695
6991.76 3.83711 0.667097
6995.74 0.873808 0.00921426
6999.72 4.114 0.865005
7003.7 9.37362 1.35575
7007.68 2.24262 0.936196
7011.65 0.561419 0.0957928
7015.63 4.52981 0.919081
7019.61 1.26569 0.619001
7023.59 4.26327 0.460544
7027.57 0.947587 0.0830097
7031.55 0.638803 0.0681074
7035.53 7.82034 1.43516
7039.51 0.938432 0.42372
7043.49 1.35887 0.0792356
7047.47 3.67109 0.974922
7051.45 0.917754 0.620907
7055.43 1.73891 1.18685
7059.41 4.88656 0.108594
7063.39 1.18703 0.345603
7067.37 0.101118 0.244996
7071.34 4.54284 0.312305
7075.32 3.49878 0.206086
7079.3 1.75862 1.12279
7083.28 0.952626 0.71168
7087.26 7.97267 0.584985
7091.24 0.612956 0.282716
7095.22 5.4494 1.14272
7099.2 0.247406 0.117504
7103.18 6.20085 1.69284
7107.16 3.86252 2.38991
7111.14 1.20304 0.267851
7115.12 5.91257 0.275962
7119.1 1.23887 1.30359
7123.08 1.83869 0.71394
7127.06 0.0992598 0.355361
7131.04 8.495 0.133721
7135.01 3.21352 0.159108
7138.99 0.501828 1.14812
7142.97 3.47136 0.0131212
7146.95 7.18517 0.627584
7150.93 4.48277 0.10051
7154.91 0.258785 0.206175
7158.89 2.42342 0.394241
7162.87 2.43571 2.47453
7166.85 2.55328 0.441593
7170.83 3.86311 2.38826
7174.81 0.446053 0.966137
7178.79 5.73212 0.396461
7182.77 3.09386 0.549873
7186.75 5.31427 0.626367
7190.73 0.913919 0.0741239
7194.71 0.310929 0.137122
7198.68 1.23483 0.168131
7202.66 1.87255 0.0143818
7206.64 1.5686 0.54886
7210.62 0.647137 0.859405
7214.6 0.56075 0.0846814
7218.58 0.992142 0.165399
7222.56 10.0266 0.0439423
7226.54 0.16642 0.798748
7230.52 0.0637183 0.187771
7234.5 0.591388 0.123781
7238.48 3.96618 0.179794
7242.46 0.144449 1.51544
7246.44 10.8643 0.868706
7250.42 1.02387 0.0758233
7254.4 1.99216 1.38046
7258.38 6.26676 1.39864
7262.35 0.081257 0.317923
7266.33 0.627358 0.605402
7270.31 0.649118 1.12808
7274.29 2.14535 0.314376
7278.27 0.400721 2.17839
7282.25 6.80548 0.412476
7286.23 1.70911 0.388819
7290.21 3.98115 1.76066
7294.19 0.944129 0.277064
7298.17 4.55198 0.527688
7302.15 3.33143 0.117251
7306.13 1.35019 1.13352
7310.11 0.248021 2.79117
7314.09 0.0637317 0.373172
7318.07 1.82394 1.3286
7322.05 2.92644 1.102
7326.02 3.07064 1.89611
7330 4.80677 0.0918641
7333.98 1.47547 0.0667102
7337.96 5.42521 0.627543
7341.94 1.7258 0.738699
7345.92 2.27748 1.30245
7349.9 0.608669 0.0704553
7353.88 0.849688 3.9017
7357.86 2.421 0.463081
7361.84 5.23995 0.928873
7365.82 1.09513 1.21847
7369.8 13.6062 0.0327945
7373.78 1.58126 1.24003
7377.76 4.33956 0.750839
7381.74 0.527051 0.696722
7385.72 1.96244 0.72652
7389.69 0.289654 1.06333
7393.67 1.47658 0.483608
7397.65 1.72006 0.176043
7401.63 0.726259 0.0424397
7405.61 1.66699 0.37144
7409.59 1.62259 0.186784
7413.57 1.44831 0.193564
7417.55 0.233361 0.117382
7421.53 0.468485 0.31466
7425.51 3.57792 0.675313
7429.49 7.01795 0.0448573
7433.47 1.08211 0.408539
7437.45 2.46101 0.769372
7441.43 3.83707 1.18233
7445.41 8.57331 0.85391
7449.39 6.19208 0.375394
7453.36 8.06435 1.27102
7457.34 0.593325 0.841905
7461.32 6.04719 0.109074
7465.3 4.48593 0.677947
7469.28 3.19018 0.274611
7473.26 0.317535 2.13139
7477.24 1.40363 1.75858
7481.22 0.209925 0.294338
7485.2 9.46732 2.28386
7489.18 11.1162 1.36143
7493.16 0.9551 2.90617
7497.14 1.27634 1.76477
7501.12 1.18318 0.261266
7505.1 2.59585 0.562879
7509.08 9.44268 1.01548
7513.06 3.41401 0.575722
7517.03 0.713511 0.175108
7521.01 7.07798 0.242134
7524.99 0.0340629 0.16746
7528.97 3.02683 0.309484
7532.95 3.49918 0.0975243
7536.93 0.60308 0.238132
7540.91 5.14181 0.375847
7544.89 0.0428102 0.182331
7548.87 3.38231 1.22351
7552.85 2.2665 1.81475
7556.83 5.23252 1.04748
7560.81 0.285602 1.35345
7564.79 10.0695 0.0508736
7568.77 3.00963 3.88538
7572.75 2.69087 0.131038
7576.73 2.68929 0.0345878
7580.7 4.05804 0.264852
7584.68 0.385371 4.08907
7588.66 5.59521 0.549831
7592.64 2.21375 0.814613
7596.62 1.65705 0.185994
7600.6 2.96735 0.308191
7604.58 4.13799 0.37212
7608.56 0.50733 0.914502
7612.54 0.233282 0.845583
7616.52 11.6484 0.391812
7620.5 1.49196 0.408135
7624.48 2.45552 2.17109
7628.46 15.319 0.558583
7632.44 2.88209 0.0836594
7636.42 0.750809 0.12641
7640.4 12.3306 0.982687
7644.37 2.48182 0.264142
7648.35 3.08714 0.151543
7652.33 2.43116 1.30328
7656.31 1.31162 0.0442475
7660.29 3.02606 0.200923
7664.27 0.592797 1.14112
7668.25 1.81579 0.521079
7672.23 2.68518 0.179914
7676.21 1.18545 0.0406995
7680.19 0.0786403 1.59221
7684.17 1.41709 1.78476
7688.15 0.716317 0.423049
7692.13 0.695095 0.0639143
7696.11 0.662093 0.70327
7700.09 1.92559 0.583744
7704.07 2.62873 0.12876
7708.04 2.13304 1.60665
7712.02 5.98435 0.193756
7716 1.87828 1.25371
7719.98 4.98663 0.302117
7723.96 2.3849 0.381161
7727.94 3.21729 0.514524
7731.92 10.3993 1.40256
7735.9 1.62138 0.709145
7739.88 3.79211 0.447896
7743.86 1.41416 0.266628
7747.84 0.172738 0.431904
7751.82 0.276217 0.681246
7755.8 2.263 0.156199
7759.78 2.7157 0.133567
7763.76 0.255782 0.246704
7767.74 3.44394 0.114102
7771.71 2.55216 0.320304
7775.69 1.12382 0.299076
7779.67 1.31319 0.284837
7783.65 4.35601 0.071286
7787.63 7.29384 0.829665
7791.61 0.0196817 0.0954623
7795.59 4.34172 0.277452
7799.57 5.07303 0.104335
7803.55 3.21092 0.467482
7807.53 2.97038 1.03209
7811.51 5.67049 0.123866
7815.49 7.46694 1.48158
7819.47 0.745573 0.545363
7823.45 3.35882 0.0855287
7827.43 0.859333 0.54461
7831.41 5.86248 0.518767
7835.38 1.12759 0.355379
7839.36 1.87222 0.416543
7843.34 4.55609 0.291516
7847.32 1.05597 1.46054
7851.3 2.69544 0.353659
7855.28 0.936612 1.08252
7859.26 3.43223 0.0295413
7863.24 0.276047 0.742302
7867.22 0.372052 1.41749
7871.2 3.12262 0.503909
7875.18 3.89005 0.590925
7879.16 0.843071 0.124136
7883.14 2.72498 0.115
7887.12 1.96209 0.582218
7891.1 4.98731 0.956447
7895.08 0.531552 1.10764
7899.05 2.2534 0.106745
7903.03 4.1576 3.76302
7907.01 2.27022 2.28131
7910.99 8.6844 0.524397
7914.97 3.50879 2.25746
7918.95 4.83595 0.548492
7922.93 12.0987 0.144894
7926.91 5.88985 0.337367
7930.89 0.642249 0.0595617
7934.87 0.14364 0.536703
7938.85 2.69803 0.0460491
7942.83 1.9076 0.0478274
7946.81 2.06421 0.207557
7950.79 3.27074 0.388992
7954.77 4.71287 0.322671
7958.75 2.08364 1.32898
7962.72 1.94519 0.276494
7966.7 0.101987 0.626929
7970.68 0.335728 0.322755
7974.66 2.1005 0.3574
7978.64 0.94865 0.618832
7982.62 1.19974 3.2624
7986.6 6.71662 0.17414
7990.58 0.854945 1.49987
7994.56 5.51021 1.38106
7998.54 0.839004 1.55378
8002.52 1.66469 0.213876
8006.5 0.729239 1.99203
8010.48 1.83088 0.810253
8014.46 6.98607 0.234834
8018.44 0.686418 0.444989
8022.42 1.26808 0.978068
8026.39 1.2036 0.314188
8030.37 0.350738 0.181082
8034.35 0.73806 0.737045
8038.33 0.579695 0.200761
8042.31 2.60877 0.0143115
8046.29 5.09317 0.156425
8050.27 4.54452 0.0106595
8054.25 3.49082 1.55626
8058.23 0.97269 2.30865
8062.21 0.879289 0.21903
8066.19 2.27744 0.41714
8070.17 3.72623 0.885226
8074.15 14.3252 1.65959
8078.13 2.67435 0.067277
8082.11 3.71515 2.43643
8086.08 1.07343 0.629764
8090.06 11.0583 0.232678
8094.04 0.491227 0.483078
8098.02 2.93653 1.74825
8102 2.61266 2.04551
8105.98 0.196501 0.0320324
8109.96 5.41308 0.897095
8113.94 5.39557 0.238046
8117.92 4.05826 0.0298584
8121.9 0.114524 0.616608
8125.88 4.63997 0.168511
8129.86 0.919584 0.479104
8133.84 2.22458 0.115319
8137.82 0.980313 3.70235
8141.8 3.79873 0.0960597
8145.78 1.35902 0.423615
8149.75 7.3563 0.686889
8153.73 0.576972 0.404395
8157.71 0.165269 0.772208
8161.69 1.92353 0.0823462
8165.67 1.91233 0.520529
8169.65 8.01545 0.00734328
8173.63 2.92071 0.0923733
8177.61 0.894704 1.35962
8181.59 3.12585 0.513163
8185.57 0.181181 0.144804
8189.55 9.27284 1.76577
8193.53 1.11411 1.00049
8197.51 3.62561 0.581461
8201.49 1.76268 0.609383
8205.47 3.87564 0.371876
8209.45 5.7336 0.109287
8213.42 1.1611 0.0398272
8217.4 3.35605 2.15755
8221.38 4.19437 0.960814
8225.36 1.53011 0.202839
8229.34 1.13848 1.80059
8233.32 6.16455 0.751075
8237.3 2.39596 1.16963
8241.28 2.5575 0.287784
8245.26 0.265539 1.56814
8249.24 12.6102 1.45208
8253.22 1.69154 0.400846
8257.2 2.60847 1.30322
8261.18 1.86119 0.52176
8265.16 0.828194 1.72139
8269.14 3.4769 0.075447
8273.12 1.66274 0.908529
8277.09 0.476481 0.228404
8281.07 1.34907 0.719875
8285.05 2.3862 0.519292
8289.03 4.39065 0.535683
8293.01 2.08867 0.165542
8296.99 2.23623 0.365488
8300.97 4.64985 1.46617
8304.95 1.04892 0.0923635
8308.93 0.067891 0.246349
8312.91 8.52693 0.733013
8316.89 0.380047 0.159061
8320.87 6.56538 2.01861
8324.85 7.73036 0.447466
8328.83 10.6169 0.40004
8332.81 2.47955 0.127573
8336.79 2.4908 0.228534
8340.76 1.79005 0.381379
8344.74 1.33296 1.10671
8348.72 1.82054 0.670699
8352.7 1.8633 0.541841
8356.68 1.07253 0.524747
8360.66 5.59616 0.295621
8364.64 6.6798 0.29464
8368.62 1.26962 0.998574
8372.6 3.72403 1.22718
8376.58 2.75506 0.436525
8380.56 1.03732 0.138274
8384.54 2.68825 2.4619
8388.52 1.02043 0.221503
8392.5 1.20505 1.86332
8396.48 3.75236 0.515379
8400.46 0.128099 0.428483
8404.43 0.157035 2.05185
8408.41 1.66268 2.36233
8412.39 3.93115 0.622477
8416.37 0.334863 0.941387
8420.35 2.75784 0.303893
8424.33 0.365665 0.105918
8428.31 4.12051 0.474341
8432.29 10.2773 0.26247
8436.27 1.99371 0.4509
8440.25 0.0562769 1.28216
8444.23 1.41683 0.318862
8448.21 4.44582 0.656129
8452.19 1.733 0.123513
8456.17 0.469537 0.959048
8460.15 8.37947 0.627616
8464.13 2.25644 0.514539
8468.1 4.93365 0.755646
8472.08 0.131634 0.26436
8476.06 5.50652 0.451413
8480.04 3.29524 1.23747
8484.02 0.930813 1.19039
8488 0.340951 1.21001
8491.98 2.55951 1.76083
8495.96 5.89439 2.68094
8499.94 0.76696 0.718621
8503.92 12.5117 0.196487
8507.9 0.760911 0.0511727
8511.88 0.644041 1.44551
8515.86 7.76565 0.295173
8519.84 2.25551 0.333897
8523.82 1.61811 0.309878
8527.8 4.30596 0.350341
8531.77 0.721903 0.166245
8535.75 0.922307 0.472851
8539.73 1.2105 0.0711873
8543.71 3.168 0.408834
8547.69 8.47871 0.338608
8551.67 5.90313 0.38201
8555.65 1.75302 1.11856
8559.63 4.39983 0.108672
8563.61 1.53909 0.106405
8567.59 0.0394318 1.0336
8571.57 1.64882 0.678648
8575.55 0.139818 0.0477865
8579.53 2.07874 0.359597
8583.51 3.92997 1.38712
8587.49 2.98817 4.0882
8591.47 5.62373 0.521026
8595.44 0.748709 0.283262
8599.42 0.347273 0.104623
8603.4 6.6193 0.0638999
8607.38 0.656317 0.291151
8611.36 0.619923 0.360278
8615.34 0.733761 0.157606
8619.32 12.0882 0.674735
8623.3 3.25267 0.523093
8627.28 1.53982 1.03684
8631.26 0.323448 0.0485931
8635.24 10.1187 1.63618
8639.22 1.38497 1.02085
8643.2 0.334462 1.51258
8647.18 4.23879 2.21124
8651.16 6.88123 1.09974
8655.14 1.89433 0.980188
8659.11 3.07608 0.342618
8663.09 2.98867 0.424946
8667.07 7.15218 1.29897
8671.05 0.838122 1.01797
8675.03 4.50711 1.63107
8679.01 3.46276 0.411712
8682.99 0.789099 0.152874
8686.97 2.23388 0.396028
8690.95 2.00712 1.77955
8694.93 4.69399 0.787153
8698.91 0.867845 0.0327594
8702.89 0.333136 0.339067
8706.87 2.88804 0.479392
8710.85 2.77377 0.741988
8714.83 10.0999 0.520384
8718.81 4.45997 1.59287
8722.78 8.47124 0.646247
8726.76 6.97046 0.0061472
8730.74 0.0774184 0.289571
8734.72 2.15368 0.632984
8738.7 0.309995 0.370466
8742.68 1.43194 0.985221
8746.66 1.50478 0.523884
8750.64 12.7388 0.418999
8754.62 3.53687 0.445448
8758.6 0.787591 0.792589
8762.58 2.131 0.0342651
8766.56 6.12555 1.89945
8770.54 8.70479 0.0103777
8774.52 5.79436 0.587281
8778.5 1.59598 0.081582
8782.48 2.75012 0.451984
8786.45 1.16003 0.127131
8790.43 1.92015 0.298866
8794.41 5.56224 0.757989
8798.39 0.780113 0.0876363
8802.37 2.68272 0.115981
8806.35 1.4685 0.0735781
8810.33 3.36522 0.444319
8814.31 3.81519 1.03058
8818.29 7.51359 1.58797
8822.27 0.577729 1.44929
8826.25 5.75914 1.94907
8830.23 8.89115 0.536212
8834.21 0.312323 0.979612
8838.19 0.828702 1.86323
8842.17 3.56235 0.250158
8846.15 0.191871 0.14018
8850.12 0.389848 0.432827
8854.1 4.12327 2.29033
8858.08 5.00067 0.661966
8862.06 1.55095 0.0959831
8866.04 7.97522 0.29384
8870.02 1.12561 2.44589
8874 1.01797 0.625271
8877.98 1.31947 0.473802
8881.96 5.5554 0.031112
8885.94 0.415698 0.115381
8889.92 3.28938 0.824157
8893.9 1.85515 0.704984
8897.88 4.7737 0.48192
8901.86 5.02764 0.162981
8905.84 7.40295 1.08238
8909.82 0.795769 1.46819
8913.79 1.84655 0.578717
8917.77 0.682907 0.913431
8921.75 0.483582 0.188361
8925.73 0.909402 0.293719
8929.71 2.77799 0.554566
8933.69 1.0892 0.721103
8937.67 3.40549 1.2029
8941.65 2.05675 2.22284
8945.63 3.60798 0.139835
8949.61 4.76139 1.14933
8953.59 0.898483 0.687058
8957.57 2.15157 0.399714
8961.55 0.602078 1.05194
8965.53 2.57571 1.05448
8969.51 4.79537 0.365356
8973.49 2.14605 0.551596
8977.46 3.12212 0.162736
8981.44 0.679546 1.07328
8985.42 5.55439 0.755683
8989.4 13.8663 0.573005
8993.38 0.857172 1.4403
8997.36 0.778241 0.0495906
9001.34 0.849308 1.6706
9005.32 1.18675 0.0917972
9009.3 5.06158 0.707559
9013.28 4.29588 1.18915
9017.26 0.793734 0.329424
9021.24 1.76132 0.458228
9025.22 5.53854 0.0658876
9029.2 0.517533 0.0958133
9033.18 0.835065 0.155514
9037.15 1.52949 1.27392
9041.13 0.329024 0.549826
9045.11 8.77393 0.431325
9049.09 4.05897 0.646803
9053.07 1.64685 0.318569
9057.05 1.69719 0.62473
9061.03 3.83194 0.549647
9065.01 5.67979 0.206488
9068.99 5.58725 0.876718
9072.97 2.06581 0.293241
9076.95 2.37652 1.18152
9080.93 1.49027 0.303534
9084.91 1.44301 0.588046
9088.89 0.69703 0.0310203
9092.87 2.31629 0.610856
9096.85 3.70135 2.35932
9100.82 0.272787 0.24289
9104.8 0.743635 0.474519
9108.78 1.72553 0.976087
9112.76 4.61902 0.416514
9116.74 0.825755 0.465749
9120.72 3.91811 0.0890706
9124.7 0.975064 0.997143
9128.68 12.7328 0.439098
9132.66 1.249 1.10542
9136.64 5.08288 0.43534
9140.62 4.0753 0.360295
9144.6 2.7749 0.491432
9148.58 0.324909 2.10348
9152.56 4.85349 0.302568
9156.54 0.454951 0.450355
9160.52 0.339624 0.664715
9164.49 3.97276 0.299803
9168.47 3.73159 0.281615
9172.45 6.97754 2.40805
9176.43 0.4485 0.997191
9180.41 2.06022 0.747655
9184.39 0.824377 0.23959
9188.37 0.243994 0.513597
9192.35 1.62522 0.560727
9196.33 6.90133 1.58039
9200.31 14.1024 0.562022
9204.29 8.38653 0.210127
9208.27 0.0842011 1.20654
9212.25 0.757854 0.192084
9216.23 0.382406 0.899102
9220.21 1.08448 1.86287
9224.19 0.0413311 0.770637
9228.16 0.172519 0.241485
9232.14 1.70512 1.59502
9236.12 1.30293 0.673669
9240.1 0.58564 2.50693
9244.08 0.134486 0.131007
9248.06 4.37424 0.540092
9252.04 5.8363 0.164221
9256.02 3.01935 1.54504
9260 0.174566 0.245335
9263.98 1.05182 0.225579
9267.96 1.92209 0.906022
9271.94 2.05557 0.294733
9275.92 0.946737 0.123983
9279.9 2.15018 0.117414
9283.88 5.91643 0.973303
9287.86 1.70561 0.635668
9291.83 2.76905 0.134279
9295.81 4.69407 0.510023
9299.79 4.28698 0.563781
9303.77 4.50871 1.26228
9307.75 1.24799 0.564536
9311.73 0.769106 0.345552
9315.71 2.45524 0.111992
9319.69 0.0487907 0.580506
9323.67 0.452957 0.471404
9327.65 3.33266 0.118313
9331.63 2.05201 1.20317
9335.61 0.87986 0.70511
9339.59 1.10709 0.169372
9343.57 1.47391 0.0774709
9347.55 4.048 0.447152
9351.53 0.14139 1.55301
9355.5 0.198647 0.0497526
9359.48 0.939437 0.16584
9363.46 1.61382 0.125189
9367.44 0.412518 0.208206
9371.42 2.88586 0.29419
9375.4 5.55244 0.104024
9379.38 0.634382 0.703972
9383.36 1.95931 0.610753
9387.34 1.29002 1.46968
9391.32 11.6263 0.311826
9395.3 0.351074 0.606018
9399.28 6.47297 0.999146
9403.26 1.56689 0.454336
9407.24 1.76082 0.131845
9411.22 6.0143 0.773805
9415.2 1.16378 0.0226296
9419.17 0.601268 0.845416
9423.15 1.05293 0.446206
9427.13 4.75443 0.235407
9431.11 7.07291 1.40199
9435.09 1.08406 0.204569
9439.07 8.52688 0.243081
9443.05 0.910556 0.0210764
9447.03 0.981366 0.551746
9451.01 4.60141 0.355985
9454.99 3.74733 0.631768
9458.97 0.663754 0.890464
9462.95 0.548827 0.229758
9466.93 5.54005 0.502714
9470.91 3.05101 0.869778
9474.89 13.8531 1.22664
9478.87 1.32686 0.368488
9482.84 8.98402 0.41421
9486.82 0.187194 0.0296801
9490.8 0.47591 0.0606287
9494.78 2.71005 0.260435
9498.76 2.33331 0.0740567
9502.74 2.00724 1.12146
9506.72 0.291005 0.876686
9510.7 2.31992 0.266069
9514.68 1.49165 0.0468224
9518.66 0.0800629 0.166359
9522.64 5.14543 0.012771
9526.62 5.3552 1.20279
9530.6 0.347635 3.12757
9534.58 9.77826 1.51205
9538.56 1.60042 1.12501
9542.54 2.13892 0.223122
9546.51 8.05853 0.621132
9550.49 2.60521 0.146332
9554.47 4.17247 0.598423
9558.45 0.531926 2.46281
9562.43 2.52023 0.423845
9566.41 1.15921 0.0720643
9570.39 1.57376 0.318938
9574.37 0.71609 1.09065
9578.35 0.798953 1.5451
9582.33 1.87615 0.510124
9586.31 8.34314 0.280687
9590.29 0.594059 0.222956
9594.27 0.554687 0.287161
9598.25 0.553125 0.0733127
9602.23 2.58799 1.57542
9606.21 0.181207 0.259857
9610.18 1.30934 1.39585
9614.16 2.81402 0.791812
9618.14 2.05568 0.0392702
9622.12 1.98262 0.0227269
9626.1 0.286254 1.07719
9630.08 2.77567 0.200655
9634.06 0.134249 0.285028
9638.04 0.339855 1.88234
9642.02 3.53287 1.01435
9646 1.45864 0.572164
9649.98 5.03738 0.670956
9653.96 0.614468 1.48007
9657.94 1.39283 0.360385
9661.92 6.46783 0.733986
9665.9 7.88004 0.378381
9669.88 1.15484 0.683245
9673.85 1.38033 0.565516
9677.83 8.27269 0.823074
9681.81 6.52804 0.157683
9685.79 3.09444 0.207273
9689.77 11.7292 0.518893
9693.75 0.330203 1.20469
9697.73 1.86141 0.477775
9701.71 4.89457 0.576328
9705.69 4.75909 1.1579
9709.67 0.00812914 1.25494
9713.65 2.82932 1.32633
9717.63 0.808049 4.10678
9721.61 3.32357 0.409745
9725.59 5.92177 0.654836
9729.57 0.292709 1.04597
9733.55 1.59568 1.01773
9737.52 3.25582 0.281556
9741.5 11.9954 0.113785
9745.48 0.885367 0.758516
9749.46 11.1961 0.850266
9753.44 0.269943 0.0609048
9757.42 5.79898 1.27544
9761.4 1.03345 0.220935
9765.38 1.37505 0.375479
9769.36 1.98071 0.178297
9773.34 5.58379 1.25649
9777.32 21.1079 0.824174
9781.3 0.818163 1.54913
9785.28 0.609638 0.197786
9789.26 0.0300404 2.44612
9793.24 0.759332 0.565885
9797.22 0.127612 1.52031
9801.19 5.46403 1.00022
9805.17 0.441093 2.08682
9809.15 1.29604 0.402263
9813.13 3.57684 0.556833
9817.11 1.2136 0.132979
9821.09 3.91074 0.680374
9825.07 2.13294 0.215723
9829.05 2.37205 0.513649
9833.03 0.468001 0.256073
9837.01 0.500732 0.728119
9840.99 3.28058 1.02435
9844.97 6.32092 0.632226
9848.95 13.4596 0.33624
9852.93 5.57129 0.802439
9856.91 4.61789 0.570854
9860.89 3.55782 1.02567
9864.86 2.95924 0.138739
9868.84 4.03589 0.0115095
9872.82 0.855982 0.978397
9876.8 1.12394 0.273924
9880.78 1.01808 1.6162
9884.76 5.39947 0.0225079
9888.74 2.16518 0.551549
9892.72 5.22095 0.0825828
9896.7 0.31336 0.445741
9900.68 7.0743 1.81237
9904.66 4.07146 0.355769
9908.64 3.55217 0.649301
9912.62 1.80485 1.20861
9916.6 5.67232 0.839478
9920.58 2.6983 1.28302
9924.56 8.96033 0.898112
9928.53 1.51044 2.12095
9932.51 1.70684 0.127021
9936.49 0.128321 0.187309
9940.47 0.137479 0.124408
9944.45 2.51625 0.184575
9948.43 0.954395 0.164913
9952.41 4.97556 2.38823
9956.39 4.08319 0.264965
9960.37 0.795273 0.326009
9964.35 4.60657 1.07954
9968.33 4.64235 0.116334
9972.31 4.95793 0.254786
9976.29 4.80644 1.17508
9980.27 0.0871951 0.255378
9984.25 0.238302 0.672767
9988.23 2.33346 0.363501
9992.2 4.27784 1.64216
9996.18 1.86292 0.575176
10000.2 7.46793 0.145202
10004.1 3.89325 0.731928
10008.1 6.95654 0.0220676
10012.1 0.423192 0.951675
10016.1 0.951907 1.18008
10020.1 0.251542 0.712552
10024 0.206531 0.175367
10028 1.13892 0.759239
10032 1.50749 0.624561
10036 0.668539 0.594025
10040 2.01299 0.0950348
10043.9 2.42803 1.81455
10047.9 6.73526 0.21592
10051.9 0.224972 0.576196
10055.9 4.26558 1.13017
10059.9 8.86693 0.9722
10063.8 0.00843268 0.908809
10067.8 1.8739 0.618153
10071.8 0.581684 0.655056
10075.8 6.07519 0.276109
10079.8 3.20189 0.546021
10083.7 1.35683 0.585079
10087.7 6.14005 0.231041
10091.7 4.27187 0.54295
10095.7 7.3278 0.253918
10099.6 1.89108 0.614404
10103.6 2.77327 0.406263
10107.6 6.43227 0.256032
10111.6 1.34051 0.096442
10115.6 11.075 7.53404
10119.5 1.17355 0.595642
10123.5 7.35664 4.32803
10127.5 1.11068 1.17548
10131.5 1.21308 0.985432
10135.5 5.2672 4.79622
10139.4 2.936 0.00159574
10143.4 6.20969 0.630847
10147.4 4.66762 1.05037
10151.4 0.426306 0.330665
10155.4 0.542795 0.358684
10159.3 4.68434 1.67905
10163.3 2.20206 0.00670954
10167.3 0.0122312 1.19766
10171.3 7.13094 2.19132
10175.3 7.34213 0.231711
10179.2 2.11161 0.803723
10183.2 11.9619 0.826962
10187.2 1.26316 0.243345
10191.2 0.176302 0.276058
10195.2 4.27798 0.421625
10199.1 0.51073 0.912155
10203.1 2.66604 0.0637044
10207.1 9.61402 0.0464328
10211.1 0.80862 1.98831
10215 7.29318 0.61517
10219 3.89618 1.20226
10223 6.18592 0.244582
10227 3.29746 0.494592
10231 4.53517 1.76828
10234.9 1.48631 1.47822
10238.9 9.09514 0.0726717
10242.9 0.60223 0.367003
10246.9 4.64948 0.476803
10250.9 10.0996 0.0123792
10254.8 2.06962 0.177938
10258.8 5.07809 0.305637
10262.8 1.3669 3.12045
10266.8 7.54404 0.0479857
10270.8 3.11951 0.217464
10274.7 0.507673 0.329663
10278.7 0.779979 0.0462346
10282.7 1.95026 0.0821482
10286.7 1.01661 0.116589
10290.7 7.76449 0.490507
10294.6 1.14452 0.238241
10298.6 8.13993 0.0200187
10302.6 0.884037 0.0781506
10306.6 3.00764 0.142853
10310.6 4.41118 0.77046
10314.5 2.97109 0.255927
10318.5 2.69834 1.39605
10322.5 2.7923 0.555155
10326.5 2.7131 0.118843
10330.5 5.2456 0.00197123
10334.4 1.97506 1.05899
10338.4 6.31815 0.461534
10342.4 5.04025 0.226231
10346.4 1.50887 1.94426
10350.3 2.53115 0.00650558
10354.3 4.57191 0.198083
10358.3 6.99082 0.152326
10362.3 1.57618 0.443916
10366.3 12.037 2.02329
10370.2 0.395558 1.13131
10374.2 2.29275 0.152028
10378.2 0.376359 0.576593
10382.2 0.759401 0.420141
10386.2 3.52193 0.100495
10390.1 1.77493 1.88495
10394.1 0.107354 0.479641
10398.1 1.71041 0.0106708
10402.1 13.2411 1.62431
10406.1 6.74553 0.399042
10410 1.80654 1.44879
10414 5.96579 1.03182
10418 2.03556 0.039149
10422 4.00994 0.918663
10426 2.06477 0.0346716
10429.9 2.0012 0.475532
10433.9 0.687097 0.406488
10437.9 1.96308 1.68124
10441.9 4.86562 0.14841
10445.9 8.0151 0.360497
10449.8 0.0697975 1.37788
10453.8 2.08041 0.512123
10457.8 4.56093 0.134733
10461.8 0.738289 1.35384
10465.7 1.58582 0.161562
10469.7 3.32587 0.552562
10473.7 0.8259 2.50839
10477.7 1.27022 0.288147
10481.7 5.14371 0.880778
10485.6 2.90611 0.252464
10489.6 4.98808 0.644102
10493.6 0.236657 0.212912
10497.6 0.540954 0.556794
10501.6 0.510738 1.14018
10505.5 3.71726 2.75904
10509.5 0.697534 1.50839
10513.5 0.786426 0.296188
10517.5 1.85033 1.64414
10521.5 3.98931 0.14034
10525.4 5.77962 0.646592
10529.4 2.87669 0.382501
10533.4 1.22957 0.810633
10537.4 2.83872 0.784535
10541.4 1.01807 0.920873
10545.3 3.46312 1.77709
10549.3 1.67042 0.531282
10553.3 0.597343 0.190235
10557.3 2.81992 0.864658
10561.3 0.0214817 1.63107
10565.2 4.32627 0.944868
10569.2 4.42265 0.283489
10573.2 2.163 0.120024
10577.2 6.91471 0.102602
10581.2 5.79366 0.28772
10585.1 3.30547 0.38909
10589.1 16.6614 1.72948
10593.1 0.779288 0.13428
10597.1 1.5344 0.570244
10601 5.66716 0.393728
10605 10.0106 2.0535
10609 4.82911 0.11337
10613 1.57341 0.669004
10617 15.9244 0.46823
10620.9 1.89165 1.39716
10624.9 1.9466 0.0451799
10628.9 1.53278 0.019561
10632.9 0.0390983 0.440466
10636.9 2.87497 0.221739
10640.8 0.278599 1.1609
10644.8 4.6517 1.25849
10648.8 0.424428 0.115562
10652.8 0.686856 0.476725
10656.8 5.07206 0.707059
10660.7 10.3125 0.0695699
10664.7 0.901921 0.714767
10668.7 3.58518 1.63463
10672.7 1.26096 0.082979
10676.7 0.118517 0.404423
10680.6 0.634598 1.90329
10684.6 6.67468 0.354148
10688.6 0.398639 0.300809
10692.6 6.59559 0.697138
10696.6 4.17156 1.33766
10700.5 7.43471 0.443907
10704.5 4.21583 0.731764
10708.5 12.242 0.147027
10712.5 3.44577 0.275329
10716.5 1.1195 0.00124875
10720.4 1.6052 0.0448248
10724.4 1.90967 0.174857
10728.4 9.34387 0.688262
10732.4 1.02112 0.411226
10736.3 4.62627 0.0478768
10740.3 5.12113 0.858726
10744.3 0.2782 0.103989
10748.3 0.506827 0.366728
10752.3 2.45133 3.49644
10756.2 1.79799 0.26208
10760.2 4.51449 0.0723262
10764.2 1.42048 0.739891
10768.2 2.09496 0.00963844
10772.2 1.74843 0.821757
10776.1 2.76491 2.17367
10780.1 1.00159 1.43248
10784.1 1.86785 0.227813
10788.1 0.186021 1.6242
10792.1 4.96279 0.449038
10796 5.54115 0.00973892
10800 4.36635 2.51298
10804 5.13826 0.199026
