7.95875 5.57881 0.692417
11.9381 5.63689 0.413286
15.9175 1.45538 0.431639
19.8969 0.175154 2.48618
23.8762 1.94834 1.17667
27.8556 1.96165 0.629575
31.835 5.42511 0.055264
35.8144 3.13384 0.0153192
39.7937 9.45051 1.12934
43.7731 6.12268 2.88392
47.7525 4.84201 0.464197
51.7318 3.40782 0.0944058
55.7112 2.61696 0.116047
59.6906 4.26409 0.55337
63.67 1.92508 0.23046
67.6493 4.00587 0.456812
71.6287 0.435834 0.0142264
75.6081 0.486409 0.710248
79.5875 1.46567 2.15844
83.5668 1.79324 0.334139
87.5462 6.97905 0.897081
91.5256 10.5006 0.824184
95.5049 0.562278 0.177155
99.4843 4.16713 0.284221
103.464 1.17934 0.633321
107.443 3.01761 3.34087
111.422 3.17348 0.175726
115.402 16.0803 0.794057
119.381 1.60519 0.470956
123.361 2.93059 0.129846
127.34 3.3695 0.801054
131.319 4.51991 0.16416
135.299 3.25881 1.29025
139.278 2.92531 1.36486
143.257 10.7208 2.81177
147.237 2.13775 2.82145
151.216 1.79984 1.00818
155.196 1.74864 0.249308
159.175 1.33626 0.263382
163.154 3.50062 0.287026
167.134 7.51174 0.0497231
171.113 2.49853 0.627073
175.092 2.13374 0.555569
179.072 7.62091 0.643422
183.051 0.976021 0.28767
187.031 5.54198 0.105998
191.01 5.52385 0.256241
194.989 1.5216 0.662347
198.969 0.540757 1.32431
202.948 0.475025 0.849476
206.927 3.64953 0.996568
210.907 1.70371 0.214516
214.886 1.51303 0.672443
218.865 3.05598 0.189315
222.845 3.41882 0.444468
226.824 11.529 0.901679
230.804 4.37046 1.26069
234.783 3.37585 1.59712
238.762 1.12722 1.60112
242.742 2.66358 0.968932
246.721 2.2856 2.3441
250.7 1.50693 0.413547
254.68 1.93231 0.0145348
258.659 3.77713 0.80949
262.639 1.45091 0.721781
266.618 6.32234 0.10918
270.597 0.290768 0.632916
274.577 2.40766 0.64056
278.556 10.4176 0.791887
282.535 0.750244 1.70148
286.515 0.306962 0.429346
290.494 0.904698 1.23067
294.474 1.78222 0.0792095
298.453 1.30304 0.939456
302.432 5.5192 0.121403
306.412 0.114849 0.132994
310.391 0.547616 0.0991378
314.37 6.00596 1.23504
318.35 0.452373 0.392153
322.329 12.1495 0.896579
326.309 1.63457 0.960251
330.288 1.36474 2.78247
334.267 0.786988 0.00883742
338.247 8.65384 0.981974
342.226 1.24384 0.552098
346.205 1.24194 0.167354
350.185 0.562557 1.18381
354.164 6.22809 0.317743
358.144 2.81142 0.914098
362.123 4.59249 0.134968
366.102 0.155049 0.645693
370.082 14.6374 2.04101
374.061 3.40979 0.57531
378.04 4.16903 0.982339
382.02 2.42394 0.380899
385.999 0.754796 0.154524
389.979 2.52894 1.00901
393.958 10.5434 0.19351
397.937 0.267463 0.0448357
401.917 2.00734 0.280252
405.896 11.2401 0.355812
409.875 2.34593 0.0187413
413.855 4.0858 0.853154
417.834 3.39107 0.57684
421.813 3.76261 3.47974
425.793 1.8265 0.815928
429.772 0.442788 0.0156504
433.752 6.40069 0.289266
437.731 3.11355 0.665626
441.71 2.2001 0.743628
445.69 1.12129 0.239681
449.669 6.49729 0.154011
453.648 1.82713 0.872335
457.628 4.66399 2.20836
461.607 6.36824 0.219714
465.587 9.47129 0.547671
469.566 3.73005 0.174394
473.545 3.93292 0.351507
477.525 0.725759 0.243912
481.504 4.94423 1.49553
485.483 3.37038 0.546393
489.463 0.576784 0.94636
493.442 1.86611 0.625034
497.422 0.687733 0.117357
501.401 0.400022 0.329592
505.38 0.0927789 1.08717
509.36 0.291503 1.75537
513.339 4.14995 0.602544
517.318 0.140063 2.45137
521.298 1.01446 0.206646
525.277 0.195339 0.0124246
529.257 0.0278491 0.831307
533.236 12.4679 0.248182
537.215 0.601327 0.049569
541.195 2.6057 2.84552
545.174 2.79784 0.309547
549.153 1.82184 0.197683
553.133 2.03341 2.12748
557.112 1.99753 0.746598
561.092 2.0683 0.260065
565.071 0.648289 0.721509
569.05 10.979 0.319902
573.03 4.54821 3.00596
577.009 4.20203 0.515958
580.988 0.941994 0.344843
584.968 1.67702 1.29498
588.947 1.53814 0.537034
592.927 11.8429 0.0772263
596.906 2.52641 2.70671
600.885 4.66588 1.77779
604.865 1.33545 0.303887
608.844 1.07788 0.392226
612.823 7.81972 0.106594
616.803 9.16458 0.969861
620.782 2.28727 1.10415
624.761 6.43316 0.0621467
628.741 3.39414 0.836166
632.72 1.69768 0.409243
636.7 5.30886 1.47754
640.679 0.304602 0.23637
644.658 2.68899 0.0427249
648.638 2.00791 0.227979
652.617 2.23075 0.862306
656.596 5.74453 0.250053
660.576 5.26114 0.149892
664.555 0.271012 0.0438959
668.535 0.694263 1.13116
672.514 3.43107 0.225244
676.493 0.217257 0.66432
680.473 6.67825 0.347543
684.452 4.53138 0.461939
688.431 3.76768 1.20631
692.411 1.9018 0.548659
696.39 2.0107 0.646251
700.37 0.573888 0.777934
704.349 4.59255 0.422119
708.328 0.522585 0.57619
712.308 3.14487 0.243878
716.287 1.18217 0.374019
720.266 0.522596 0.155389
724.246 2.59481 0.588628
728.225 7.24205 1.60307
732.205 4.834 0.965971
736.184 0.294359 1.7579
740.163 1.92292 0.902035
744.143 3.77892 1.06034
748.122 3.94357 0.205848
752.101 0.0294433 1.19367
756.081 0.795279 0.459559
760.06 9.21923 1.46248
764.04 0.307656 2.27546
768.019 5.96382 1.2893
771.998 14.6505 1.26768
775.978 0.297665 0.74346
779.957 8.94534 0.0485743
783.936 1.77924 0.224496
787.916 4.06716 0.0254039
791.895 0.382721 0.329308
795.875 1.49163 0.0123475
799.854 5.59992 0.384695
803.833 3.42084 0.0786996
807.813 0.311013 1.52722
811.792 0.172779 0.296674
815.771 0.812173 0.714842
819.751 2.21676 0.0117968
823.73 3.14803 0.0528765
827.709 0.099012 0.187463
831.689 4.42327 0.105357
835.668 2.02607 0.0920363
839.648 0.841728 2.74467
843.627 0.140205 0.394523
847.606 5.3428 0.763663
851.586 3.06516 3.41087
855.565 1.12519 1.1467
859.544 0.219155 0.207229
863.524 1.43764 0.211835
867.503 7.84692 0.546283
871.483 2.06554 0.606735
875.462 5.18736 0.919599
879.441 1.77797 0.335355
883.421 1.35372 1.94237
887.4 4.02606 0.198587
891.379 8.30743 1.26541
895.359 1.44263 2.60464
899.338 6.82112 0.263826
903.318 0.829418 0.215182
907.297 2.01715 2.26123
911.276 1.33 0.877827
915.256 7.45689 0.983972
919.235 2.9919 0.238541
923.214 1.40639 0.351659
927.194 3.41939 0.203667
931.173 2.10314 0.447412
935.153 6.51368 1.37064
939.132 4.02271 0.523453
943.111 0.675127 0.753837
947.091 2.19968 2.11268
951.07 0.0747843 0.901918
955.049 0.424179 3.88885
959.029 3.70404 0.0551298
963.008 3.34337 0.12397
966.988 3.57294 0.105559
970.967 0.316188 0.361931
974.946 0.225575 2.57672
978.926 11.6727 0.241005
982.905 0.898059 1.70303
986.884 2.60188 0.602353
990.864 0.956523 0.455839
994.843 0.0774841 0.214177
998.823 3.69927 0.278712
1002.8 6.75748 0.558284
1006.78 2.94759 0.304295
1010.76 10.2448 1.48711
1014.74 6.95258 0.219413
1018.72 6.60099 0.0828869
1022.7 2.1439 1.01059
1026.68 2.26564 0.730409
1030.66 6.70092 0.171988
1034.64 3.05686 0.84582
1038.62 0.955179 0.588418
1042.6 5.82014 0.0230263
1046.57 1.0685 0.00593651
1050.55 0.0744996 0.567125
1054.53 1.34426 0.0703165
1058.51 0.500387 0.0184602
1062.49 7.09887 0.730104
1066.47 10.4082 0.176554
1070.45 0.314137 0.645536
1074.43 2.32355 0.835958
1078.41 1.47732 0.00203016
1082.39 1.82014 0.687954
1086.37 5.38402 2.46799
1090.35 3.30141 0.894237
1094.33 3.46642 0.534717
1098.31 0.0885954 1.17349
1102.29 2.34565 0.437595
1106.27 1.44916 0.888021
1110.24 1.85416 0.193844
1114.22 2.32384 0.732219
1118.2 6.36346 0.723375
1122.18 1.55468 2.95609
1126.16 2.91615 0.523953
1130.14 2.34351 0.584651
1134.12 3.42485 1.32851
1138.1 0.131782 1.89226
1142.08 0.33759 0.144072
1146.06 0.849217 2.27965
1150.04 7.10471 0.131183
1154.02 2.73344 0.443477
1158 2.60885 0.130971
1161.98 1.22675 0.435217
1165.96 1.34499 0.894189
1169.94 6.32334 0.0303162
1173.91 2.18702 0.0472676
1177.89 0.611356 1.00997
1181.87 0.62311 0.837389
1185.85 2.22076 0.272285
1189.83 0.00931307 0.337285
1193.81 3.14158 0.356407
1197.79 10.5419 0.143968
1201.77 1.04079 0.855393
1205.75 7.79902 0.700935
1209.73 1.54861 0.250556
1213.71 6.63968 0.541952
1217.69 7.90239 0.457322
1221.67 1.69577 2.64236
1225.65 1.31322 0.0763617
1229.63 3.16932 0.670579
1233.61 1.54634 0.379698
1237.58 12.5263 0.325275
1241.56 8.32426 0.761219
1245.54 0.930588 2.80436
1249.52 9.43499 1.08473
1253.5 0.953308 0.306538
1257.48 4.34797 0.0485127
1261.46 0.442896 0.424597
1265.44 6.14575 1.11238
1269.42 1.70366 0.0935948
1273.4 2.62692 0.66814
1277.38 8.47957 1.41365
1281.36 2.72059 3.07495
1285.34 4.55511 0.358932
1289.32 4.34444 0.866231
1293.3 6.87077 1.48572
1297.28 0.2837 0.516533
1301.25 1.44594 0.207366
1305.23 12.5858 1.47234
1309.21 0.948711 0.477038
1313.19 1.96036 0.458066
1317.17 10.2574 0.413353
1321.15 0.121374 0.0935906
1325.13 1.8389 0.387875
1329.11 0.182023 0.834648
1333.09 5.8296 0.938211
1337.07 1.44088 0.382071
1341.05 1.40882 0.714964
1345.03 2.94535 1.29619
1349.01 3.34234 0.971908
1352.99 1.14036 0.0878025
1356.97 4.48569 0.389866
1360.95 3.75453 0.022806
1364.92 1.53078 0.0872188
1368.9 0.267258 0.911067
1372.88 0.0902484 2.39824
1376.86 3.43823 1.514
1380.84 0.00362491 0.574154
1384.82 9.53229 0.557043
1388.8 14.5128 0.158566
1392.78 5.65835 0.547592
1396.76 3.82455 0.350365
1400.74 1.1018 0.06297
1404.72 0.962993 0.18769
1408.7 0.0757834 0.230954
1412.68 2.16316 0.0508919
1416.66 1.38368 0.132661
1420.64 7.26401 1.11361
1424.62 6.82716 0.124868
1428.59 3.74405 0.425526
1432.57 1.07729 0.322442
1436.55 1.64374 1.04279
1440.53 0.524466 0.022035
1444.51 0.301517 0.373887
1448.49 3.30419 0.880288
1452.47 7.50647 1.0681
1456.45 1.82586 0.521457
1460.43 0.87919 0.340494
1464.41 0.424356 0.51384
1468.39 2.16498 0.243613
1472.37 5.72867 0.0936456
1476.35 0.79611 0.0359529
1480.33 4.12116 0.00290087
1484.31 2.59545 0.71174
1488.29 3.47855 1.60215
1492.26 2.81402 2.5447
1496.24 4.86897 0.267939
1500.22 1.60987 2.00327
1504.2 8.27568 0.233169
1508.18 0.100364 0.348814
1512.16 0.295799 0.21345
1516.14 2.5685 1.46806
1520.12 1.35985 0.441033
1524.1 2.5448 1.59445
1528.08 6.91082 3.61102
1532.06 6.77126 2.53931
1536.04 3.4701 0.84454
1540.02 2.32222 0.182947
1544 4.11817 1.9206
1547.98 1.97851 0.452609
1551.96 0.690377 1.12939
1555.93 1.72777 0.112309
1559.91 1.07356 1.38794
1563.89 3.89351 0.0810346
1567.87 4.57101 0.272018
1571.85 0.111738 0.4146
1575.83 6.30508 0.629875
1579.81 1.00259 0.68056
1583.79 4.43873 2.79366
1587.77 0.00804198 0.372935
1591.75 3.36108 0.21616
1595.73 0.0751938 0.0306109
1599.71 7.86848 0.39357
1603.69 3.66384 1.24305
1607.67 2.31161 2.3148
1611.65 2.75032 1.70873
1615.63 1.40062 0.331703
1619.6 1.8313 0.255359
1623.58 0.796485 0.0894487
1627.56 1.1659 0.151618
1631.54 1.37482 1.02555
1635.52 3.40016 0.501599
1639.5 0.551922 0.415563
1643.48 0.920932 0.175135
1647.46 0.277163 0.181934
1651.44 3.75923 1.21801
1655.42 1.25628 0.698005
1659.4 3.26585 0.976157
1663.38 2.42637 1.25324
1667.36 0.177087 1.84762
1671.34 2.18407 0.259925
1675.32 0.0984167 0.406104
1679.3 5.22544 0.0850535
1683.27 2.36843 0.48062
1687.25 6.80397 0.991193
1691.23 1.64361 0.350718
1695.21 1.3258 1.64907
1699.19 6.17427 0.00387471
1703.17 3.45723 1.88969
1707.15 6.49388 0.146105
1711.13 2.14083 0.113393
1715.11 2.9144 2.07486
1719.09 2.98983 0.249339
1723.07 0.337004 0.687617
1727.05 2.64272 0.119952
1731.03 0.673222 1.55097
1735.01 4.29066 1.71919
1738.99 3.70224 0.570537
1742.97 4.97578 0.285443
1746.94 4.77475 0.425649
1750.92 1.0626 1.84857
1754.9 0.141318 0.975217
1758.88 2.20738 0.646546
1762.86 0.83161 1.19072
1766.84 3.31906 1.10511
1770.82 6.326 0.114432
1774.8 1.35243 0.436636
1778.78 1.18045 0.446157
1782.76 0.566936 0.727999
1786.74 1.80843 1.51186
1790.72 4.32117 0.384906
1794.7 6.5843 1.24887
1798.68 1.86719 0.178174
1802.66 2.57077 1.56577
1806.64 4.05547 0.0959775
1810.61 3.22998 0.144617
1814.59 0.539133 1.72594
1818.57 2.06362 2.95245
1822.55 1.46547 1.49341
1826.53 2.58975 0.344052
1830.51 13.4619 1.06215
1834.49 8.6985 0.803216
1838.47 2.49493 0.497641
1842.45 0.329708 0.606663
1846.43 3.94621 0.969804
1850.41 9.97069 1.11247
1854.39 0.815471 1.75094
1858.37 1.24544 0.303805
1862.35 2.63549 0.48411
1866.33 0.868907 0.265567
1870.31 14.8861 0.300657
1874.28 2.15789 0.113452
1878.26 1.28174 0.0535028
1882.24 3.93986 0.377184
1886.22 2.10201 0.951054
1890.2 1.49241 0.975834
1894.18 3.67315 0.184102
1898.16 11.0177 0.132873
1902.14 3.62121 0.148651
1906.12 0.696916 0.490533
1910.1 4.20593 1.44109
1914.08 2.05326 0.186446
1918.06 4.60759 0.0886621
1922.04 5.77481 0.291825
1926.02 10.0649 0.494181
1930 0.225304 0.0537692
1933.98 6.98618 0.995492
1937.95 10.5275 2.09964
1941.93 1.37207 6.42076
1945.91 1.88837 0.57414
1949.89 5.29549 0.271991
1953.87 2.17078 1.91059
1957.85 0.439787 0.965357
1961.83 2.68108 1.91616
1965.81 1.34324 1.55261
1969.79 1.71187 0.180442
1973.77 1.6086 0.00918438
1977.75 0.188803 0.195602
1981.73 3.5675 1.00128
1985.71 0.377121 0.542585
1989.69 1.96009 0.194706
1993.67 6.84705 0.673986
1997.65 1.36828 0.484449
2001.62 2.36752 0.0337288
2005.6 0.590365 0.550604
2009.58 0.840634 0.190602
2013.56 0.758071 0.654779
2017.54 6.08066 0.254278
2021.52 0.0986738 0.0158795
2025.5 0.143766 0.504213
2029.48 4.59902 0.666213
2033.46 2.02068 0.201728
2037.44 5.49412 0.765452
2041.42 0.431434 1.12974
2045.4 3.33292 0.505626
2049.38 0.793394 4.10724
2053.36 1.29385 0.478224
2057.34 0.226609 2.15981
2061.31 0.867898 0.95309
2065.29 1.0203 0.220157
2069.27 1.79465 0.102117
2073.25 0.135043 0.114704
2077.23 1.80844 0.739043
2081.21 1.07084 0.0184291
2085.19 0.667667 0.791933
2089.17 1.26999 0.483732
2093.15 0.205502 0.231559
2097.13 7.27958 0.495877
2101.11 3.39072 1.30175
2105.09 0.671823 0.278982
2109.07 0.392589 0.941827
2113.05 0.288634 0.915453
2117.03 3.4695 0.00399315
2121.01 2.39589 0.536885
2124.98 0.188111 0.0393195
2128.96 3.16001 1.46926
2132.94 0.0920216 0.000498327
2136.92 0.0851428 0.244636
2140.9 6.78753 0.882045
2144.88 1.52243 0.230556
2148.86 2.48311 0.76512
2152.84 0.642723 0.380522
2156.82 2.06979 0.113953
2160.8 18.5226 1.48063
2164.78 6.4568 0.0328904
2168.76 7.7644 1.83384
2172.74 0.515512 0.327978
2176.72 10.8376 1.05457
2180.7 0.31609 0.0792302
2184.68 2.23933 0.0129058
2188.65 9.34021 0.715997
2192.63 1.32164 0.263179
2196.61 4.94171 0.231838
2200.59 6.2828 3.15523
2204.57 6.45781 0.5489
2208.55 2.55603 0.479582
2212.53 1.99094 0.169984
2216.51 0.702171 0.332092
2220.49 3.07441 0.436706
2224.47 0.17407 0.553706
2228.45 1.20794 1.77519
2232.43 1.10092 0.603195
2236.41 3.31308 2.46047
2240.39 0.673544 0.747377
2244.37 1.35396 3.31024
2248.35 0.966511 0.102742
2252.32 4.29936 0.00155007
2256.3 1.5953 2.34478
2260.28 6.72652 0.762892
2264.26 0.89024 2.21482
2268.24 1.78472 0.299968
2272.22 0.214103 0.085856
2276.2 4.63874 0.187518
2280.18 1.1876 0.0810617
2284.16 0.545607 0.242896
2288.14 0.747417 0.322969
2292.12 4.40425 0.0186631
2296.1 0.520896 0.19658
2300.08 1.21414 1.20804
2304.06 4.66287 0.285452
2308.04 6.55076 0.0823535
2312.02 0.186697 1.04282
2315.99 0.379862 0.416348
2319.97 1.31468 0.0820084
2323.95 0.259538 0.66977
2327.93 5.54312 1.20218
2331.91 0.850164 0.2666
2335.89 0.495626 0.499546
2339.87 4.03555 3.09455
2343.85 8.06826 0.370167
2347.83 2.71307 2.17023
2351.81 3.88151 0.955437
2355.79 4.7874 0.81947
2359.77 4.53433 0.166412
2363.75 5.6659 0.920359
2367.73 5.26428 1.97307
2371.71 1.17187 1.27023
2375.69 3.35513 0.242572
2379.66 0.000181715 0.358399
2383.64 3.35237 0.827458
2387.62 4.50684 0.0147408
2391.6 1.07564 0.276699
2395.58 1.25985 1.64372
2399.56 2.91377 0.793822
2403.54 1.85361 0.596965
2407.52 4.45714 0.0778633
2411.5 1.46201 0.0315388
2415.48 6.93815 1.23599
2419.46 0.324059 0.739956
2423.44 0.188475 0.139584
2427.42 6.85161 1.11296
2431.4 9.0451 3.05587
2435.38 0.00207537 3.68653
2439.36 1.43699 2.08857
2443.33 0.905701 0.459661
2447.31 0.298458 0.17076
2451.29 0.114771 0.154177
2455.27 0.978557 0.0929478
2459.25 3.62636 0.00349928
2463.23 0.108691 0.818423
2467.21 2.43362 0.067275
2471.19 2.99672 0.244419
2475.17 3.11817 2.51634
2479.15 0.672997 1.22785
2483.13 1.084 0.631735
2487.11 0.83876 2.67534
2491.09 0.177565 1.16308
2495.07 1.93881 0.377681
2499.05 4.1553 0.684067
2503.03 4.76223 0.40537
2507 3.99247 0.887508
2510.98 0.47149 0.225198
2514.96 14.8374 0.461966
2518.94 17.0002 2.3266
2522.92 7.9962 1.48316
2526.9 0.849386 1.63994
2530.88 6.99848 0.421585
2534.86 3.04701 1.10267
2538.84 0.907011 1.157
2542.82 2.90318 1.18334
2546.8 1.744 1.21008
2550.78 0.77581 0.48088
2554.76 0.931607 0.0161926
2558.74 2.49466 0.259171
2562.72 0.688283 0.112895
2566.7 1.40093 0.0393018
2570.67 1.9046 0.289607
2574.65 1.23874 1.39899
2578.63 6.04003 0.0188107
2582.61 0.0537853 0.810291
2586.59 5.20453 4.15458
2590.57 0.826059 1.5137
2594.55 11.2859 0.428667
2598.53 4.1194 0.848759
2602.51 2.14017 0.727942
2606.49 3.14118 1.61796
2610.47 0.130652 0.933259
2614.45 3.09173 0.378412
2618.43 0.959284 1.29407
2622.41 0.500228 1.60968
2626.39 4.72103 1.1179
2630.37 2.27995 0.715436
2634.34 0.236643 0.0107655
2638.32 6.11716 1.30071
2642.3 1.65939 2.42955
2646.28 2.41321 0.0341962
2650.26 1.17492 0.272933
2654.24 0.531826 3.03181
2658.22 2.15961 0.822172
2662.2 0.793133 1.09639
2666.18 2.07066 0.203387
2670.16 2.10021 0.223864
2674.14 0.0823548 0.910995
2678.12 1.63345 0.888342
2682.1 3.11954 0.138777
2686.08 3.22058 0.400545
2690.06 0.0446738 0.263118
2694.04 2.85344 0.329913
2698.01 1.42639 0.646334
2701.99 1.89994 0.0611078
2705.97 0.308291 1.09122
2709.95 5.03353 0.923206
2713.93 10.0156 0.253866
2717.91 2.22698 0.587883
2721.89 5.97056 2.35766
2725.87 4.78798 1.1823
2729.85 2.52986 0.65105
2733.83 1.83276 2.16224
2737.81 4.08225 0.119599
2741.79 7.87208 0.0656334
2745.77 1.96421 0.186212
2749.75 0.558754 0.907595
2753.73 1.68712 1.54956
2757.71 2.27271 0.523459
2761.68 3.59192 0.777879
2765.66 2.34489 0.0799439
2769.64 2.21688 0.13807
2773.62 5.00214 0.287076
2777.6 6.95768 2.53021
2781.58 4.3301 0.720765
2785.56 0.509158 1.63716
2789.54 1.23331 0.282211
2793.52 5.67812 0.168546
2797.5 4.74409 3.48204
2801.48 2.11718 0.0944696
2805.46 1.51371 1.71679
2809.44 0.392872 0.167536
2813.42 1.08472 0.775089
2817.4 4.4233 0.225424
2821.38 6.19048 0.176659
2825.35 0.251074 0.161043
2829.33 8.59954 0.0380751
2833.31 0.137911 0.108053
2837.29 0.229263 0.266168
2841.27 4.28484 1.04133
2845.25 0.202006 0.572642
2849.23 2.53075 0.378894
2853.21 2.96128 0.394167
2857.19 8.72421 0.510035
2861.17 2.15532 0.4636
2865.15 0.84869 1.62059
2869.13 7.98253 0.504545
2873.11 4.43039 0.379396
2877.09 0.738193 0.251484
2881.07 2.12153 1.78865
2885.05 3.92803 0.716423
2889.02 2.41771 1.3543
2893 1.13795 1.59766
2896.98 2.15423 0.237628
2900.96 5.65287 0.560836
2904.94 0.923483 2.0814
2908.92 1.01367 3.0753
2912.9 0.0268316 0.460368
2916.88 4.66791 1.09916
2920.86 3.10545 0.289064
2924.84 4.61911 0.834977
2928.82 2.80661 0.0122897
2932.8 2.63583 0.438722
2936.78 0.115487 0.290873
2940.76 0.502168 0.542345
2944.74 1.9608 0.935923
2948.72 0.668977 0.0447403
2952.69 1.83229 0.0290905
2956.67 1.86555 0.82509
2960.65 3.03071 0.568655
2964.63 11.3938 0.3518
2968.61 3.37232 0.356434
2972.59 7.8108 0.334075
2976.57 3.81321 3.06813
2980.55 4.27498 0.161403
2984.53 10.8464 0.0324657
2988.51 3.60728 0.444018
2992.49 0.620841 0.188102
2996.47 10.6588 1.99037
3000.45 0.100961 1.19991
3004.43 5.14432 2.95172
3008.41 9.72736 0.0349341
3012.38 2.6821 0.38911
3016.36 0.00335042 1.10858
3020.34 1.01542 0.928557
3024.32 0.396468 0.286231
3028.3 3.77235 0.786631
3032.28 0.286628 0.608843
3036.26 0.382564 1.10403
3040.24 7.59779 0.122198
3044.22 4.43598 0.419459
3048.2 1.55578 0.083278
3052.18 8.0156 1.56229
3056.16 4.5185 0.506431
3060.14 5.2006 1.00499
3064.12 8.19002 1.20657
3068.1 0.729884 0.517516
3072.08 3.09845 0.111755
3076.05 0.338856 0.49195
3080.03 2.00712 1.48842
3084.01 0.225538 0.321549
3087.99 0.48047 1.2256
3091.97 1.25557 1.4095
3095.95 1.82847 0.102294
3099.93 4.31308 0.0462134
3103.91 3.01244 1.89184
3107.89 0.685877 0.767416
3111.87 2.05898 0.0325365
3115.85 1.97163 0.593679
3119.83 1.71748 0.0532973
3123.81 9.43559 0.332356
3127.79 4.64825 0.670396
3131.77 1.36781 0.286639
3135.75 0.958069 0.0149161
3139.72 5.77526 0.223624
3143.7 4.1745 0.742279
3147.68 1.50621 1.09874
3151.66 1.47938 0.95558
3155.64 0.805531 1.71818
3159.62 0.0885362 0.665336
3163.6 1.07586 4.89012
3167.58 1.66442 1.01131
3171.56 0.463167 0.350172
3175.54 2.26067 0.0779877
3179.52 0.942492 0.452005
3183.5 0.142483 1.85243
3187.48 0.0850327 1.88656
3191.46 0.59501 0.273171
3195.44 11.835 3.50442
3199.42 2.64297 0.802165
3203.39 0.176063 0.789328
3207.37 4.49397 0.865194
3211.35 0.476083 0.362245
3215.33 1.51831 0.668172
3219.31 0.21221 1.98451
3223.29 0.0148239 0.150324
3227.27 3.58036 0.161135
3231.25 5.63229 0.529722
3235.23 4.19827 0.987974
3239.21 4.1755 3.38845
3243.19 2.34277 1.40001
3247.17 1.20131 0.27562
3251.15 8.34639 0.0327783
3255.13 0.1341 0.239878
3259.11 2.33617 0.762836
3263.09 9.20899 0.83837
3267.06 9.05407 0.153713
3271.04 2.32271 0.550453
3275.02 1.85832 1.20644
3279 10.3913 1.20316
3282.98 5.07212 1.22582
3286.96 1.56156 0.201862
3290.94 3.21131 0.165035
3294.92 0.0657215 0.835347
3298.9 8.71165 2.40847
3302.88 0.864238 1.08022
3306.86 8.71877 0.619265
3310.84 3.37877 0.680098
3314.82 0.29987 0.607588
3318.8 4.55316 0.383707
3322.78 0.405783 0.0730866
3326.76 2.88758 1.42886
3330.73 2.76242 0.247894
3334.71 13.1182 1.95304
3338.69 2.02816 0.714612
3342.67 2.55465 0.0339457
3346.65 1.45982 0.837492
3350.63 0.416516 1.43641
3354.61 0.0142764 0.209941
3358.59 0.833322 0.156868
3362.57 7.72849 1.09404
3366.55 1.7142 3.05267
3370.53 0.263896 1.72433
3374.51 1.38182 0.133611
3378.49 0.853522 0.0870378
3382.47 0.339649 0.408847
3386.45 2.47706 1.73202
3390.43 2.40086 1.42129
3394.4 0.862258 0.27851
3398.38 5.33475 0.403331
3402.36 1.42291 0.275991
3406.34 5.25987 0.261297
3410.32 2.73535 0.0027875
3414.3 0.372839 0.126173
3418.28 5.56713 0.221045
3422.26 2.81256 0.17343
3426.24 0.580037 1.23789
3430.22 2.4074 0.0921016
3434.2 0.0282079 1.01871
3438.18 7.80488 0.253
3442.16 0.14026 0.142188
3446.14 0.55529 0.0871333
3450.12 1.81101 0.417121
3454.1 1.66814 0.368676
3458.07 2.23473 0.51029
3462.05 2.68189 1.27955
3466.03 11.2399 0.689524
3470.01 0.0238531 0.20383
3473.99 0.943028 1.66069
3477.97 0.290406 0.0851294
3481.95 2.40605 0.159639
3485.93 0.585626 0.718192
3489.91 2.15459 0.911546
3493.89 0.0450364 0.125804
3497.87 1.3453 1.61772
3501.85 1.84349 0.174434
3505.83 2.11715 0.239481
3509.81 0.656323 0.135733
3513.79 0.769252 0.0659772
3517.77 0.895787 0.904565
3521.74 8.32212 0.627191
3525.72 4.45944 0.729413
3529.7 1.5304 0.475288
3533.68 0.984152 0.147195
3537.66 1.53494 0.424018
3541.64 2.41081 0.0577616
3545.62 5.80309 1.1075
3549.6 7.35705 2.90911
3553.58 12.5335 1.09147
3557.56 4.3862 0.34486
3561.54 6.34067 1.16706
3565.52 4.53997 1.37451
3569.5 5.51639 0.0456276
3573.48 1.87578 0.741154
3577.46 5.04562 1.0359
3581.44 0.0388827 1.35842
3585.41 0.881699 0.593815
3589.39 1.82972 2.58632
3593.37 2.60979 0.0118975
3597.35 2.40586 0.523634
3601.33 2.6878 0.614455
3605.31 3.4512 0.914904
3609.29 7.81587 2.34202
3613.27 11.4016 1.30409
3617.25 10.2022 0.501728
3621.23 1.88057 0.699052
3625.21 0.928923 1.27823
3629.19 1.78483 0.123698
3633.17 5.74401 1.02175
3637.15 1.0239 1.55864
3641.13 0.311345 0.0800914
3645.11 5.78891 0.282325
3649.08 0.924891 0.269332
3653.06 7.61974 1.395
3657.04 3.21993 0.686433
3661.02 1.25294 1.79844
3665 2.11246 0.897322
3668.98 4.97535 0.144529
3672.96 0.506574 0.88745
3676.94 2.15243 0.505816
3680.92 0.467849 0.179343
3684.9 6.64315 0.0891484
3688.88 2.32884 0.251374
3692.86 3.09956 1.9958
3696.84 4.45311 0.384857
3700.82 0.3564 2.19686
3704.8 4.22243 1.87465
3708.78 1.32136 0.491515
3712.75 0.492845 0.176415
3716.73 0.769105 0.454079
3720.71 4.70231 2.32689
3724.69 2.65684 1.53074
3728.67 1.86916 0.322035
3732.65 1.23131 0.39972
3736.63 1.51885 0.034096
3740.61 8.06725 0.687564
3744.59 5.38632 1.36201
3748.57 9.10344 0.0830598
3752.55 5.05244 2.07493
3756.53 0.0998573 0.113911
3760.51 1.15016 0.220062
3764.49 1.11255 1.27258
3768.47 0.0116025 2.36849
3772.45 0.511806 0.0897226
3776.42 0.171006 0.949882
3780.4 4.23267 0.0200055
3784.38 3.76406 1.31015
3788.36 1.05858 0.538617
3792.34 0.129195 0.597912
3796.32 1.09595 1.92213
3800.3 0.212083 1.64083
3804.28 4.9603 0.0530876
3808.26 4.54743 0.253165
3812.24 8.27096 0.329958
3816.22 2.63876 0.648147
3820.2 0.803033 0.234749
3824.18 1.43628 0.0454567
3828.16 4.15333 0.154466
3832.14 4.45188 1.97075
3836.12 3.29272 0.0727535
3840.09 2.41548 3.0649
3844.07 3.02615 0.032564
3848.05 0.329115 0.36053
3852.03 2.02566 0.120161
3856.01 1.11993 0.0113172
3859.99 9.96505 0.775456
3863.97 6.76975 0.715422
3867.95 2.06436 0.130997
3871.93 0.501505 0.704466
3875.91 0.421011 0.00466705
3879.89 5.74451 0.569613
3883.87 1.32243 0.775248
3887.85 1.96348 0.510715
3891.83 5.29362 0.101322
3895.81 2.28893 1.07282
3899.79 2.34779 0.26507
3903.76 2.36956 0.100287
3907.74 5.66029 1.13862
3911.72 4.33085 0.603372
3915.7 4.91075 0.123202
3919.68 5.15943 2.48222
3923.66 4.25598 2.12827
3927.64 4.17508 0.463256
3931.62 0.659851 0.00359916
3935.6 0.888394 0.0906891
3939.58 0.323371 0.898285
3943.56 0.712937 2.13216
3947.54 0.215084 0.265335
3951.52 1.62573 0.987381
3955.5 3.08401 0.353209
3959.48 2.51272 0.719043
3963.46 0.441222 0.142638
3967.43 0.590663 0.021032
3971.41 0.194918 0.401389
3975.39 0.483884 0.95794
3979.37 0.217998 0.774332
3983.35 2.5599 1.25157
3987.33 8.14704 0.555424
3991.31 7.81681 0.696734
3995.29 0.745153 0.645791
3999.27 0.536207 0.130291
4003.25 1.39191 0.417416
4007.23 1.49428 0.105824
4011.21 2.00211 0.0191667
4015.19 9.84307 0.464718
4019.17 0.640223 0.483085
4023.15 11.9124 0.0268912
4027.12 0.531113 0.30995
4031.1 1.03069 1.43665
4035.08 1.21389 0.233969
4039.06 2.98196 1.29155
4043.04 1.55779 0.635686
4047.02 2.66771 0.00119688
4051 1.64393 1.13257
4054.98 5.06138 1.09981
4058.96 0.297102 2.89233
4062.94 2.14772 0.690871
4066.92 5.0812 0.395543
4070.9 0.766159 0.204584
4074.88 2.97559 0.870645
4078.86 2.17623 1.099
4082.84 3.83741 2.75992
4086.82 2.05997 2.03242
4090.79 13.113 1.06357
4094.77 4.41512 0.220014
4098.75 1.89304 0.570004
4102.73 1.30627 0.375198
4106.71 0.637028 0.629779
4110.69 0.0658223 1.37834
4114.67 1.49555 0.373212
4118.65 1.03423 1.22539
4122.63 0.11367 0.394045
4126.61 4.3102 0.820628
4130.59 5.33422 0.0206809
4134.57 0.440049 0.678985
4138.55 0.00828545 0.884593
4142.53 1.38123 0.502721
4146.51 6.09146 1.42599
4150.49 1.28639 1.01012
4154.46 4.96978 2.58649
4158.44 6.02251 0.916365
4162.42 2.86768 0.377404
4166.4 0.750462 0.316208
4170.38 1.94654 0.259588
4174.36 0.826614 0.65625
4178.34 5.81767 0.480965
4182.32 7.11013 0.196414
4186.3 6.9209 0.707149
4190.28 2.65537 2.7584
4194.26 4.08428 1.01015
4198.24 1.59401 0.401387
4202.22 1.31344 0.0336401
4206.2 2.13254 0.203059
4210.18 3.13379 1.05421
4214.16 0.748256 0.826138
4218.13 0.444913 0.196778
4222.11 3.64865 0.924177
4226.09 1.39074 0.0222809
4230.07 0.983554 1.7917
4234.05 13.5628 0.30288
4238.03 1.69634 0.775494
4242.01 2.5003 0.0807052
4245.99 2.12034 0.923444
4249.97 12.1275 0.183731
4253.95 0.478033 0.965713
4257.93 4.79419 0.145283
4261.91 9.27638 1.27299
4265.89 1.11601 0.0352011
4269.87 0.919872 0.863961
4273.85 3.05015 0.637263
4277.83 1.16925 1.41162
4281.8 1.42056 0.936848
4285.78 1.59321 0.419223
4289.76 10.5294 0.00548074
4293.74 7.3405 0.669211
4297.72 0.889755 0.21404
4301.7 0.57877 0.287487
4305.68 2.8034 0.631576
4309.66 2.37681 1.32984
4313.64 3.3026 0.401651
4317.62 0.384974 1.95547
4321.6 0.455669 0.0629172
4325.58 0.416171 0.330051
4329.56 6.06202 0.0103121
4333.54 7.17709 0.964492
4337.52 1.82311 2.72697
4341.5 0.713392 1.85461
4345.47 1.11722 0.632755
4349.45 0.0907268 1.418
4353.43 0.372291 0.580568
4357.41 4.67535 0.58276
4361.39 5.45565 2.34118
4365.37 1.44961 2.5676
4369.35 0.210082 0.787796
4373.33 0.689711 0.47055
4377.31 2.28344 0.0214977
4381.29 4.36369 0.0807488
4385.27 2.60743 0.31124
4389.25 2.82916 0.694345
4393.23 2.06565 0.568773
4397.21 0.750157 2.12203
4401.19 1.62792 0.714653
4405.17 3.45398 2.2808
4409.14 2.47563 1.21187
4413.12 0.801079 0.409723
4417.1 0.982316 0.232933
4421.08 1.80708 0.733359
4425.06 3.18567 0.00798162
4429.04 0.616879 2.45309
4433.02 1.4592 0.0316691
4437 6.63562 2.26827
4440.98 21.4228 0.658999
4444.96 0.223369 0.300314
4448.94 5.15886 0.507637
4452.92 1.31969 0.214189
4456.9 4.78293 0.0989039
4460.88 5.71048 1.85816
4464.86 1.77439 0.0564258
4468.84 9.81998 0.24248
4472.81 3.32321 1.1246
4476.79 1.46027 0.367737
4480.77 3.08394 3.95917
4484.75 3.96406 0.758342
4488.73 2.34098 0.292801
4492.71 0.990248 0.168301
4496.69 1.45525 0.893845
4500.67 4.33092 0.56495
4504.65 11.6922 0.938964
4508.63 4.81687 0.107103
4512.61 3.84751 0.391001
4516.59 4.75316 0.250047
4520.57 0.582279 0.304295
4524.55 2.58616 1.68942
4528.53 0.775171 0.246044
4532.51 10.5907 0.454311
4536.48 2.82378 1.28916
4540.46 3.72993 0.492332
4544.44 1.16429 1.21106
4548.42 6.20683 0.261441
4552.4 11.4609 0.659805
4556.38 1.1338 0.0403727
4560.36 9.85363 0.573373
4564.34 3.41909 0.316999
4568.32 0.89315 0.502708
4572.3 0.263207 0.411928
4576.28 1.55839 1.2931
4580.26 1.26393 0.860049
4584.24 0.886495 0.834748
4588.22 0.815513 0.0999741
4592.2 2.69952 1.70793
4596.18 4.32807 1.81203
4600.15 9.36984 0.727351
4604.13 3.67631 0.623613
4608.11 0.115947 2.97167
4612.09 3.96294 0.929714
4616.07 0.361559 0.488677
4620.05 1.93178 0.960507
4624.03 3.15528 3.48867
4628.01 1.85887 0.573497
4631.99 0.587278 0.253142
4635.97 2.85457 1.58657
4639.95 1.01694 0.520667
4643.93 9.5145 0.308404
4647.91 0.80683 3.49545
4651.89 5.17779 0.989861
4655.87 0.522092 0.341919
4659.85 1.01642 0.0661632
4663.82 7.97128 0.736458
4667.8 5.01513 1.36617
4671.78 1.1892 0.114852
4675.76 2.94551 0.418256
4679.74 7.99486 0.0542783
4683.72 4.00749 0.492036
4687.7 1.83376 1.56974
4691.68 2.80394 1.93894
4695.66 1.62982 0.448189
4699.64 4.37731 0.25863
4703.62 7.66108 0.239482
4707.6 5.65132 0.488394
4711.58 1.5332 4.16017
4715.56 4.25018 0.327048
4719.54 2.01766 0.336021
4723.52 0.783057 0.334492
4727.49 1.04357 0.265997
4731.47 0.368274 2.16818
4735.45 0.0298862 0.545398
4739.43 0.762474 0.0985899
4743.41 6.54692 0.0943732
4747.39 3.09934 0.114747
4751.37 1.10827 0.360513
4755.35 2.52188 0.230022
4759.33 0.903503 1.25101
4763.31 1.37837 1.04075
4767.29 2.72001 0.512355
4771.27 0.796657 0.15656
4775.25 1.51348 1.00626
4779.23 11.3789 1.63318
4783.21 0.0390055 0.0240868
4787.19 1.99332 0.704595
4791.16 0.556204 0.0176331
4795.14 1.91394 0.171854
4799.12 1.34043 0.664118
4803.1 4.85514 1.11829
4807.08 2.71797 0.391853
4811.06 0.0914239 0.213603
4815.04 3.60408 0.181728
4819.02 0.168688 0.243693
4823 1.52465 0.32587
4826.98 1.75378 0.149792
4830.96 0.990182 0.0474809
4834.94 5.24372 0.00414426
4838.92 0.817655 2.25413
4842.9 2.38536 2.03683
4846.88 0.383254 0.333382
4850.86 4.01366 0.263507
4854.83 6.6001 0.0762848
4858.81 6.93536 0.0225358
4862.79 1.21233 0.862094
4866.77 8.84427 0.121837
4870.75 3.27721 0.952256
4874.73 4.10305 0.658966
4878.71 4.62981 0.688102
4882.69 5.0556 1.51634
4886.67 2.36861 0.64457
4890.65 0.308339 1.56719
4894.63 0.468634 0.0615605
4898.61 7.75321 0.399416
4902.59 1.20349 0.0200578
4906.57 0.0238342 1.57546
4910.55 0.623332 0.0128824
4914.53 2.57006 2.89019
4918.5 4.3771 0.131648
4922.48 0.412942 2.5525
4926.46 1.12724 0.0186919
4930.44 0.0893565 0.237284
4934.42 0.259667 0.386764
4938.4 0.569411 0.0128907
4942.38 2.08405 0.536856
4946.36 1.63247 0.41315
4950.34 0.787665 1.01612
4954.32 2.71273 0.358569
4958.3 6.6967 0.889626
4962.28 6.38828 1.20994
4966.26 8.35298 0.83204
4970.24 1.2706 0.90885
4974.22 1.30642 0.159497
4978.2 0.928013 1.42949
4982.17 1.7561 1.06468
4986.15 3.04036 2.32792
4990.13 1.17414 0.125673
4994.11 2.27891 0.223763
4998.09 2.65091 0.990687
5002.07 6.091 0.182872
5006.05 3.32061 2.35248
5010.03 0.309833 0.786024
5014.01 9.51675 0.250093
5017.99 0.989965 0.282025
5021.97 8.85247 1.74151
5025.95 0.949009 0.46442
5029.93 0.664248 2.09863
5033.91 4.94931 0.604807
5037.89 2.87963 0.159155
5041.86 3.1181 0.81394
5045.84 4.27913 1.52787
5049.82 3.84221 1.0825
5053.8 2.59709 1.34653
5057.78 2.23207 0.862281
5061.76 0.553741 0.147071
5065.74 2.79552 0.309863
5069.72 1.0977 1.58146
5073.7 1.70321 0.0917426
5077.68 3.88272 0.326805
5081.66 2.86148 1.6145
5085.64 1.992 0.330337
5089.62 2.59307 3.21936
5093.6 9.19881 0.477195
5097.58 0.559445 0.903489
5101.56 4.77929 0.213223
5105.53 0.0135005 0.520877
5109.51 9.29963 0.0704384
5113.49 1.04575 0.227065
5117.47 0.780967 0.454383
5121.45 0.734508 2.16529
5125.43 1.92032 1.60654
5129.41 13.3719 0.531402
5133.39 1.48013 0.341652
5137.37 0.736057 0.414394
5141.35 1.65754 0.951559
5145.33 1.24301 0.572928
5149.31 7.03305 0.29246
5153.29 4.73094 0.383758
5157.27 0.89094 0.0817363
5161.25 0.840462 0.0763611
5165.23 1.20213 0.0478799
5169.2 3.93211 0.251284
5173.18 0.335584 1.14879
5177.16 0.889436 0.118322
5181.14 3.67 1.17967
5185.12 2.80368 0.0726142
5189.1 3.2847 0.944149
5193.08 2.2058 0.532025
5197.06 0.367004 2.5168
5201.04 1.02498 0.613575
5205.02 0.485489 1.3994
5209 1.75253 0.0729493
5212.98 8.49525 1.54161
5216.96 0.899809 0.0108398
5220.94 6.39632 4.10988
5224.92 0.527115 0.720256
5228.9 0.223335 1.25982
5232.87 0.0488724 0.670934
5236.85 1.31071 1.40518
5240.83 2.39696 1.11809
5244.81 12.8187 0.810871
5248.79 1.98899 0.581585
5252.77 0.313285 0.395123
5256.75 2.50415 0.876697
5260.73 7.67784 1.18948
5264.71 0.223313 0.658328
5268.69 2.5196 0.584103
5272.67 0.131494 1.00549
5276.65 11.4655 2.4936
5280.63 6.48357 0.0534431
5284.61 8.006 4.36854
5288.59 3.81301 0.281089
5292.57 1.90218 1.97438
5296.54 3.16239 0.526469
5300.52 1.23993 0.286904
5304.5 1.5914 0.408029
5308.48 0.547101 0.801656
5312.46 5.50146 1.15307
5316.44 1.63204 0.532371
5320.42 3.7325 0.44549
5324.4 2.09114 1.18138
5328.38 1.29926 2.30804
5332.36 8.18659 0.650769
5336.34 2.8183 0.839399
5340.32 2.04118 0.255125
5344.3 1.52642 1.87582
5348.28 0.707626 0.170511
5352.26 5.33542 1.02712
5356.24 0.773149 0.427378
5360.21 7.43165 0.472078
5364.19 3.44425 0.00446735
5368.17 8.37453 0.308893
5372.15 0.487879 1.12194
5376.13 3.31583 0.129035
5380.11 2.24531 1.00571
5384.09 0.400881 3.04728
5388.07 1.03331 0.109891
5392.05 6.11414 0.69112
5396.03 8.48916 0.592002
5400.01 2.14181 0.10372
5403.99 0.328642 0.125531
5407.97 1.31871 0.674108
5411.95 2.10111 0.198562
5415.93 17.6126 0.493425
5419.91 2.62503 1.22049
5423.88 0.49481 1.06525
5427.86 0.926548 0.569413
5431.84 3.39171 0.146753
5435.82 0.593279 0.704438
5439.8 2.95714 1.0603
5443.78 6.90017 2.19487
5447.76 0.504274 0.307244
5451.74 0.369383 0.425014
5455.72 4.15978 0.0744405
5459.7 0.349706 1.356
5463.68 0.426479 0.173356
5467.66 0.68557 1.76135
5471.64 19.397 0.148381
5475.62 3.15408 0.27742
5479.6 2.7344 0.464585
5483.58 5.87167 1.96095
5487.55 0.440732 0.0716702
5491.53 9.77553 1.7598
5495.51 0.313294 0.122425
5499.49 2.92243 0.578532
5503.47 6.99068 0.692936
5507.45 0.922251 0.204222
5511.43 1.36088 0.258612
5515.41 2.72562 1.58846
5519.39 0.435459 0.246993
5523.37 0.113245 0.23978
5527.35 3.73656 1.106
5531.33 1.06645 0.089521
5535.31 4.69811 0.100567
5539.29 1.66628 1.6017
5543.27 6.18885 0.750792
5547.25 0.721864 0.111136
5551.22 3.92089 1.45364
5555.2 2.0061 1.05084
5559.18 0.139532 1.51114
5563.16 3.01606 0.273633
5567.14 12.6526 0.016698
5571.12 3.1073 1.46383
5575.1 0.00961961 0.427308
5579.08 1.57005 0.00379851
5583.06 3.87697 2.92894
5587.04 4.78751 0.232451
5591.02 10.0903 0.343808
5595 6.49191 0.124371
5598.98 1.02482 3.25667
5602.96 4.4516 0.911605
5606.94 5.7991 0.0831909
5610.92 0.795118 0.601502
5614.89 7.676 1.27894
5618.87 2.3323 0.200305
5622.85 6.41812 1.18222
5626.83 4.37318 0.90668
5630.81 0.125439 2.49424
5634.79 5.65048 0.330451
5638.77 4.0633 0.803656
5642.75 2.461 0.0974783
5646.73 1.11484 7.41224
5650.71 1.10777 0.269403
5654.69 2.52966 0.458931
5658.67 0.855582 0.906754
5662.65 5.89277 0.194546
5666.63 4.4271 1.88061
5670.61 1.9185 0.87997
5674.59 2.09975 0.257107
5678.56 14.3701 0.321512
5682.54 0.61125 0.36899
5686.52 0.274938 1.04638
5690.5 3.65637 1.27394
5694.48 3.592 0.483354
5698.46 2.08816 0.277265
5702.44 2.77533 0.341157
5706.42 0.997308 0.240797
5710.4 0.664972 1.17325
5714.38 0.272683 0.301295
5718.36 0.822884 0.209724
5722.34 2.68482 0.31513
5726.32 0.0219417 0.0283
5730.3 0.786162 0.647865
5734.28 0.643475 0.751561
5738.26 0.278904 1.80249
5742.23 0.809872 0.0526127
5746.21 0.410736 2.61955
5750.19 4.56319 0.99739
5754.17 4.64278 0.643652
5758.15 0.277038 2.63526
5762.13 7.99787 0.70768
5766.11 5.4674 0.432162
5770.09 7.5793 2.05931
5774.07 6.7167 0.0317393
5778.05 4.56677 1.1717
5782.03 3.58421 2.456
5786.01 1.43991 1.81896
5789.99 4.56671 0.481844
5793.97 0.919943 0.0928575
5797.95 1.04394 1.01689
5801.93 15.0594 0.107806
5805.9 2.58592 1.46072
5809.88 5.19247 0.139683
5813.86 0.410155 2.55392
5817.84 0.48138 1.90895
5821.82 1.37162 0.666896
5825.8 3.99525 0.623699
5829.78 5.61851 0.125131
5833.76 3.2313 0.512541
5837.74 2.61579 0.0324844
5841.72 2.54156 1.43237
5845.7 7.99091 1.31447
5849.68 7.16203 1.06889
5853.66 1.36896 0.171944
5857.64 6.18592 0.629186
5861.62 0.502658 1.22566
5865.6 11.9988 0.318674
5869.57 2.86514 0.0639848
5873.55 3.5133 2.39494
5877.53 6.2451 0.497924
5881.51 8.81258 0.0260289
5885.49 0.961543 1.51694
5889.47 1.52537 1.56419
5893.45 0.0710658 0.203818
5897.43 1.71245 0.532735
5901.41 8.44727 0.0290698
5905.39 0.116765 0.0430557
5909.37 0.502997 0.108592
5913.35 1.20486 0.324282
5917.33 0.0141431 0.340649
5921.31 2.97822 0.0737562
5925.29 5.16927 0.478256
5929.27 2.809 0.451815
5933.24 4.36373 0.585064
5937.22 4.24187 0.402579
5941.2 0.0442626 0.200215
5945.18 3.77203 0.525427
5949.16 4.31326 1.11659
5953.14 1.32423 0.0645717
5957.12 6.48905 0.254014
5961.1 0.0292046 0.251528
5965.08 0.49863 0.592463
5969.06 5.59324 1.25967
5973.04 1.02998 0.400779
5977.02 0.304422 1.13078
5981 1.57996 1.2713
5984.98 2.10271 1.3219
5988.96 0.244145 0.167518
5992.94 0.242814 0.0913652
5996.91 1.54604 0.27609
6000.89 1.11918 0.283918
6004.87 5.58297 0.520999
6008.85 0.413459 0.709644
6012.83 0.43868 2.34523
6016.81 2.82476 0.896799
6020.79 10.7696 2.29178
6024.77 3.39752 0.12013
6028.75 1.6752 1.24414
6032.73 0.178355 0.509394
6036.71 4.33629 0.0542573
6040.69 6.48075 0.121339
6044.67 3.48695 0.165055
6048.65 2.09391 0.269875
6052.63 2.81742 0.64682
6056.6 1.85728 1.34447
6060.58 15.3327 0.226384
6064.56 0.967488 0.487876
6068.54 0.886722 0.127012
6072.52 1.00572 0.224835
6076.5 5.02082 0.991984
6080.48 6.73967 1.11496
6084.46 3.99685 0.674268
6088.44 4.88585 0.40111
6092.42 1.49259 0.10898
6096.4 13.6838 1.36748
6100.38 1.37972 1.14765
6104.36 1.01029 1.14965
6108.34 0.0235324 1.03248
6112.32 3.33969 0.0697101
6116.3 1.9432 0.454304
6120.27 7.47007 1.67001
6124.25 5.25183 0.0299341
6128.23 5.45289 0.4144
6132.21 2.50561 1.20402
6136.19 5.43243 1.3699
6140.17 1.0087 0.313838
6144.15 1.34511 0.0427106
6148.13 2.08591 1.92629
6152.11 0.127184 1.39388
6156.09 1.2055 0.8195
6160.07 2.73762 1.21533
6164.05 0.469872 1.16697
6168.03 1.72324 0.38252
6172.01 10.5228 0.180942
6175.99 2.03112 0.214248
6179.97 1.28339 0.888099
6183.94 0.357841 0.63374
6187.92 0.156735 2.60399
6191.9 3.30288 0.238499
6195.88 0.935266 0.205687
6199.86 2.22453 0.319099
6203.84 1.48085 0.036594
6207.82 0.381945 1.30844
6211.8 1.15894 1.87158
6215.78 0.533711 0.047445
6219.76 4.70369 0.628527
6223.74 11.5374 0.305462
6227.72 6.54552 0.036954
6231.7 1.3499 0.134349
6235.68 1.24429 1.03183
6239.66 1.5431 0.133313
6243.64 5.18323 0.833112
6247.61 0.319171 2.60029
6251.59 0.452354 0.0630858
6255.57 7.61818 0.132706
6259.55 2.54929 1.60303
6263.53 0.526114 0.287563
6267.51 0.106457 1.46849
6271.49 5.60874 0.626186
6275.47 12.4205 0.268889
6279.45 6.92216 0.209369
6283.43 1.49958 0.399485
6287.41 5.49493 0.728511
6291.39 1.94389 0.77981
6295.37 3.59285 0.131854
6299.35 0.291861 0.159128
6303.33 1.26801 1.36645
6307.31 1.49861 0.383174
6311.28 16.8287 1.2424
6315.26 1.20408 0.679141
6319.24 0.377227 0.485471
6323.22 2.50281 0.465517
6327.2 1.81928 0.425897
6331.18 0.959951 0.109675
6335.16 0.00535082 0.205413
6339.14 13.7894 0.946665
6343.12 1.94842 0.0718331
6347.1 2.29414 0.0619145
6351.08 1.33023 0.326089
6355.06 2.1938 0.677249
6359.04 6.19001 0.954328
6363.02 1.79279 2.26032
6367 0.756951 0.646584
6370.98 1.02043 1.50635
6374.95 4.09329 1.18979
6378.93 6.4853 0.27242
6382.91 1.64566 0.176716
6386.89 2.85377 0.650073
6390.87 3.93602 0.427272
6394.85 0.618645 0.101939
6398.83 0.679357 0.404193
6402.81 0.421309 0.553473
6406.79 0.649913 1.07893
6410.77 0.0097414 0.027139
6414.75 3.94666 1.70255
6418.73 2.67866 0.141837
6422.71 4.78982 0.138143
6426.69 0.669393 0.97927
6430.67 2.73777 0.195877
6434.65 3.05113 1.16113
6438.62 7.13494 0.0238444
6442.6 3.93015 2.38838
6446.58 1.20093 0.601235
6450.56 0.912485 0.0304472
6454.54 0.656237 2.56975
6458.52 7.06061 1.03191
6462.5 2.87677 0.485563
6466.48 0.7277 2.03404
6470.46 3.50741 1.04723
6474.44 5.50285 3.11565
6478.42 2.09375 2.72349
6482.4 0.622335 0.260242
6486.38 4.41606 0.983889
6490.36 0.361194 1.49664
6494.34 0.513865 2.6277
6498.32 0.279671 0.153593
6502.29 3.55396 0.0357422
6506.27 4.10444 2.15999
6510.25 2.29813 0.119465
6514.23 2.55136 0.511051
6518.21 0.0196164 0.741479
6522.19 3.07685 0.497832
6526.17 7.53869 0.997179
6530.15 1.85469 0.00130451
6534.13 3.28003 0.339017
6538.11 1.11162 0.362152
6542.09 1.0961 1.89649
6546.07 11.2793 0.919028
6550.05 1.50366 0.437721
6554.03 2.67383 0.251957
6558.01 9.01523 1.74088
6561.99 1.28276 0.261096
6565.96 9.22471 0.324327
6569.94 0.833519 0.2467
6573.92 3.63382 0.521717
6577.9 2.71358 0.72301
6581.88 0.398474 0.860292
6585.86 0.135823 0.290086
6589.84 1.22984 0.859167
6593.82 5.70384 2.49528
6597.8 0.0647172 2.92154
6601.78 2.47541 0.495907
6605.76 2.58023 0.00767475
6609.74 0.709643 0.387114
6613.72 0.277368 1.632
6617.7 0.313893 0.427456
6621.68 2.14529 0.714374
6625.66 0.217797 0.881565
6629.63 1.49417 1.59753
6633.61 3.82481 0.343379
6637.59 4.43687 0.231703
6641.57 0.316699 3.65449
6645.55 0.74916 0.342265
6649.53 0.453888 2.55124
6653.51 5.84538 0.260448
6657.49 3.83795 0.504896
6661.47 0.00274 3.23563
6665.45 2.36444 0.324784
6669.43 3.30388 0.00616574
6673.41 1.02727 2.06235
6677.39 3.07762 0.0798344
6681.37 7.43951 0.986039
6685.35 0.638292 0.273925
6689.33 1.32803 1.54533
6693.3 0.0425484 0.619841
6697.28 3.70639 0.97775
6701.26 4.34789 1.08759
6705.24 8.91659 0.35075
6709.22 0.124242 0.0591235
6713.2 1.13382 0.0759075
6717.18 0.433041 0.586493
6721.16 1.16257 0.785802
6725.14 0.412759 0.947222
6729.12 12.062 0.592267
6733.1 0.407787 1.2483
6737.08 3.33871 0.58556
6741.06 1.05605 0.0681662
6745.04 5.62636 1.47535
6749.02 1.73557 2.1314
6753 1.84019 0.0759449
6756.97 3.24551 0.0714965
6760.95 1.88927 0.222534
6764.93 1.51297 1.251
6768.91 4.41682 0.513847
6772.89 1.91684 0.516318
6776.87 2.29183 0.270116
6780.85 5.54572 0.430999
6784.83 8.46388 0.0155245
6788.81 0.315191 1.47664
6792.79 0.631525 1.02933
6796.77 2.15183 0.0205209
6800.75 0.673395 0.482487
6804.73 0.175928 0.364148
6808.71 1.31761 0.634991
6812.69 3.61303 1.00639
6816.67 0.0651128 0.150851
6820.64 1.24835 0.589064
6824.62 4.84717 2.32562
6828.6 0.58386 0.319125
6832.58 5.56191 0.866239
6836.56 1.33134 0.962886
6840.54 4.59329 1.48645
6844.52 1.7951 0.284743
6848.5 0.805992 0.306735
6852.48 3.44511 0.254545
6856.46 4.04504 0.268292
6860.44 0.249015 0.463367
6864.42 4.70368 0.290835
6868.4 2.0956 1.05735
6872.38 7.82565 0.68333
6876.36 0.541924 1.34908
6880.34 9.5528 0.00358484
6884.31 1.24703 1.89888
6888.29 3.47937 0.525097
6892.27 1.98195 0.26137
6896.25 1.39838 1.1669
6900.23 0.391784 0.56008
6904.21 4.31019 0.45996
6908.19 2.41984 0.510579
6912.17 0.55758 1.92934
6916.15 3.61858 0.165634
6920.13 6.8159 1.27515
6924.11 1.30731 0.417792
6928.09 7.82017 2.78904
6932.07 3.49787 1.42999
6936.05 2.84587 2.08638
6940.03 4.21395 0.301895
6944.01 19.2086 0.355739
6947.98 2.84564 0.953586
6951.96 0.00909325 0.779774
6955.94 2.70142 0.0285761
6959.92 1.36647 0.465861
6963.9 2.17422 0.344249
6967.88 2.87525 0.751626
6971.86 6.54468 2.66557
6975.84 1.76537 0.805164
6979.82 0.193325 0.202445
6983.8 0.822949 1.07735
6987.78 2.77557 3.63806
6991.76 5.76284 1.92728
6995.74 0.695508 0.125905
6999.72 0.619186 0.40399
7003.7 0.659158 0.420141
7007.68 3.20371 0.62631
7011.65 1.463 0.949256
7015.63 1.07069 0.0922346
7019.61 0.684925 0.30671
7023.59 0.821255 0.412121
7027.57 2.02521 0.129002
7031.55 0.782633 0.16031
7035.53 4.8597 0.0186213
7039.51 3.60302 1.2106
7043.49 1.66029 0.1938
7047.47 4.91132 0.78214
7051.45 0.572583 0.141231
7055.43 0.86945 0.114351
7059.41 0.555062 1.18869
7063.39 0.644037 0.281148
7067.37 2.63092 0.294751
7071.34 5.10677 0.893953
7075.32 4.31659 0.295145
7079.3 0.364148 1.83268
7083.28 2.46796 0.0832977
7087.26 3.41795 0.7412
7091.24 1.87391 1.3202
7095.22 0.305336 0.642291
7099.2 8.31718 0.896462
7103.18 1.67923 0.215863
7107.16 4.60233 1.10652
7111.14 1.71935 0.71944
7115.12 0.0403779 0.0785771
7119.1 10.5916 0.822028
7123.08 1.55969 0.115015
7127.06 3.91524 1.56946
7131.04 3.58942 0.0368162
7135.01 8.06668 0.215942
7138.99 0.329588 0.783395
7142.97 0.229499 0.0130806
7146.95 3.46419 0.752393
7150.93 6.84753 0.707096
7154.91 1.23281 0.30792
7158.89 5.76907 0.0926389
7162.87 2.56101 2.73048
7166.85 3.28753 0.223265
7170.83 3.47551 1.27805
7174.81 14.012 0.46466
7178.79 1.91953 1.13338
7182.77 0.933025 0.810392
7186.75 2.75658 0.934079
7190.73 5.51342 0.355655
7194.71 0.883749 0.207847
7198.68 0.397847 0.52486
7202.66 4.35386 2.4925
7206.64 3.56114 0.0405029
