7.95875 2.69568 0.941948
11.9381 2.69568 0.941948
15.9175 2.69568 0.941948
19.8969 2.69568 0.941948
23.8762 2.69568 0.941948
27.8556 2.69568 0.941948
31.835 2.69568 0.941948
35.8144 2.69568 0.941948
39.7937 2.69568 0.941948
43.7731 2.69568 0.941948
47.7525 2.69568 0.941948
51.7318 2.69568 0.941948
55.7112 2.69568 0.941948
59.6906 2.69568 0.941948
63.67 2.69568 0.941948
67.6493 2.69568 0.941948
71.6287 2.69568 0.941948
75.6081 2.69568 0.941948
79.5875 2.69568 0.941948
83.5668 2.69568 0.941948
87.5462 2.69568 0.941948
91.5256 2.69568 0.941948
95.5049 2.69568 0.941948
99.4843 2.69568 0.941948
103.464 2.69568 0.941948
107.443 2.69568 0.941948
111.422 2.69568 0.941948
115.402 2.69568 0.941948
119.381 2.69568 0.941948
123.361 2.69568 0.941948
127.34 2.69568 0.941948
131.319 2.69568 0.941948
135.299 2.69568 0.941948
139.278 2.69568 0.941948
143.257 2.69568 0.941948
147.237 2.69568 0.941948
151.216 2.69568 0.941948
155.196 2.69568 0.941948
159.175 2.69568 0.941948
163.154 2.69568 0.941948
167.134 2.69568 0.941948
171.113 2.69568 0.941948
175.092 2.69568 0.941948
179.072 2.69568 0.941948
183.051 2.69568 0.941948
187.031 2.69568 0.941948
191.01 2.69568 0.941948
194.989 2.69568 0.941948
198.969 2.69568 0.941948
202.948 2.69568 0.941948
206.927 2.69568 0.941948
210.907 2.69568 0.941948
214.886 2.69568 0.941948
218.865 2.69568 0.941948
222.845 2.69568 0.941948
226.824 2.69568 0.941948
230.804 2.69568 0.941948
234.783 2.69568 0.941948
238.762 2.69568 0.941948
242.742 2.69568 0.941948
246.721 2.69568 0.941948
250.7 2.69568 0.941948
254.68 2.69568 0.941948
258.659 2.69568 0.941948
262.639 2.69568 0.941948
266.618 2.69568 0.941948
270.597 2.69568 0.941948
274.577 2.69568 0.941948
278.556 2.69568 0.941948
282.535 2.69568 0.941948
286.515 2.69568 0.941948
290.494 2.69568 0.941948
294.474 2.69568 0.941948
298.453 2.69568 0.941948
302.432 2.69568 0.941948
306.412 2.69568 0.941948
310.391 2.69568 0.941948
314.37 2.69568 0.941948
318.35 2.69568 0.941948
322.329 2.69568 0.941948
326.309 2.69568 0.941948
330.288 2.69568 0.941948
334.267 2.69568 0.941948
338.247 2.69568 0.941948
342.226 2.69568 0.941948
346.205 2.69568 0.941948
350.185 2.69568 0.941948
354.164 2.69568 0.941948
358.144 2.69568 0.941948
362.123 2.69568 0.941948
366.102 2.69568 0.941948
370.082 2.69568 0.941948
374.061 2.69568 0.941948
378.04 2.69568 0.941948
382.02 2.69568 0.941948
385.999 2.69568 0.941948
389.979 2.69568 0.941948
393.958 2.69568 0.941948
397.937 2.69568 0.941948
401.917 2.69568 0.941948
405.896 2.69568 0.941948
409.875 2.69568 0.941948
413.855 2.69568 0.941948
417.834 2.69568 0.941948
421.813 2.69568 0.941948
425.793 2.69568 0.941948
429.772 2.69568 0.941948
433.752 2.69568 0.941948
437.731 2.69568 0.941948
441.71 2.69568 0.941948
445.69 2.69568 0.941948
449.669 2.69568 0.941948
453.648 2.69568 0.941948
457.628 2.69568 0.941948
461.607 2.69568 0.941948
465.587 2.69568 0.941948
469.566 2.69568 0.941948
473.545 2.69568 0.941948
477.525 2.69568 0.941948
481.504 2.69568 0.941948
485.483 2.69568 0.941948
489.463 2.69568 0.941948
493.442 2.69568 0.941948
497.422 2.69568 0.941948
501.401 2.69568 0.941948
505.38 2.69568 0.941948
509.36 2.69568 0.941948
513.339 2.69568 0.941948
517.318 2.69568 0.941948
521.298 2.69568 0.941948
525.277 2.69568 0.941948
529.257 2.69568 0.941948
533.236 2.69568 0.941948
537.215 2.69568 0.941948
541.195 2.69568 0.941948
545.174 2.69568 0.941948
549.153 2.69568 0.941948
553.133 2.69568 0.941948
557.112 2.69568 0.941948
561.092 2.69568 0.941948
565.071 2.69568 0.941948
569.05 2.69568 0.941948
573.03 2.69568 0.941948
577.009 2.69568 0.941948
580.988 2.69568 0.941948
584.968 2.69568 0.941948
588.947 2.69568 0.941948
592.927 2.69568 0.941948
596.906 2.69568 0.941948
600.885 2.69568 0.941948
604.865 2.69568 0.941948
608.844 2.69568 0.941948
612.823 2.69568 0.941948
616.803 2.69568 0.941948
620.782 2.69568 0.941948
624.761 2.69568 0.941948
628.741 2.69568 0.941948
632.72 2.69568 0.941948
636.7 2.69568 0.941948
640.679 2.69568 0.941948
644.658 2.69568 0.941948
648.638 2.69568 0.941948
652.617 2.69568 0.941948
656.596 2.69568 0.941948
660.576 2.69568 0.941948
664.555 2.69568 0.941948
668.535 2.69568 0.941948
672.514 2.69568 0.941948
676.493 2.69568 0.941948
680.473 2.69568 0.941948
684.452 2.69568 0.941948
688.431 2.69568 0.941948
692.411 2.69568 0.941948
696.39 2.69568 0.941948
700.37 2.69568 0.941948
704.349 2.69568 0.941948
708.328 2.69568 0.941948
712.308 2.69568 0.941948
716.287 2.69568 0.941948
720.266 2.69568 0.941948
724.246 2.69568 0.941948
728.225 2.69568 0.941948
732.205 2.69568 0.941948
736.184 2.69568 0.941948
740.163 2.69568 0.941948
744.143 2.69568 0.941948
748.122 2.69568 0.941948
752.101 2.69568 0.941948
756.081 2.69568 0.941948
760.06 2.69568 0.941948
764.04 2.69568 0.941948
768.019 2.69568 0.941948
771.998 2.69568 0.941948
775.978 2.69568 0.941948
779.957 2.69568 0.941948
783.936 2.69568 0.941948
787.916 2.69568 0.941948
791.895 2.69568 0.941948
795.875 2.69568 0.941948
799.854 2.69568 0.941948
803.833 2.69568 0.941948
807.813 2.69568 0.941948
811.792 2.69568 0.941948
815.771 2.69568 0.941948
819.751 2.69568 0.941948
823.73 2.69568 0.941948
827.709 2.69568 0.941948
831.689 2.69568 0.941948
835.668 2.69568 0.941948
839.648 2.69568 0.941948
843.627 2.69568 0.941948
847.606 2.69568 0.941948
851.586 2.69568 0.941948
855.565 2.69568 0.941948
859.544 2.69568 0.941948
863.524 2.69568 0.941948
867.503 2.69568 0.941948
871.483 2.69568 0.941948
875.462 2.69568 0.941948
879.441 2.69568 0.941948
883.421 2.69568 0.941948
887.4 2.69568 0.941948
891.379 2.69568 0.941948
895.359 2.69568 0.941948
899.338 2.69568 0.941948
903.318 2.69568 0.941948
907.297 2.69568 0.941948
911.276 2.69568 0.941948
915.256 2.69568 0.941948
919.235 2.69568 0.941948
923.214 2.69568 0.941948
927.194 2.69568 0.941948
931.173 2.69568 0.941948
935.153 2.69568 0.941948
939.132 2.69568 0.941948
943.111 2.69568 0.941948
947.091 2.69568 0.941948
951.07 2.69568 0.941948
955.049 2.69568 0.941948
959.029 2.69568 0.941948
963.008 2.69568 0.941948
966.988 2.69568 0.941948
970.967 2.69568 0.941948
974.946 2.69568 0.941948
978.926 2.69568 0.941948
982.905 2.69568 0.941948
986.884 2.69568 0.941948
990.864 2.69568 0.941948
994.843 2.69568 0.941948
998.823 2.69568 0.941948
1002.8 2.69568 0.941948
1006.78 2.69568 0.941948
1010.76 2.69568 0.941948
1014.74 2.69568 0.941948
1018.72 2.69568 0.941948
1022.7 2.69568 0.941948
1026.68 2.69568 0.941948
1030.66 2.69568 0.941948
1034.64 2.69568 0.941948
1038.62 2.69568 0.941948
1042.6 2.69568 0.941948
1046.57 2.69568 0.941948
1050.55 2.69568 0.941948
1054.53 2.69568 0.941948
1058.51 2.69568 0.941948
1062.49 2.69568 0.941948
1066.47 2.69568 0.941948
1070.45 2.69568 0.941948
1074.43 2.69568 0.941948
1078.41 2.69568 0.941948
1082.39 2.69568 0.941948
1086.37 2.69568 0.941948
1090.35 2.69568 0.941948
1094.33 2.69568 0.941948
1098.31 2.69568 0.941948
1102.29 2.69568 0.941948
1106.27 2.69568 0.941948
1110.24 2.69568 0.941948
1114.22 2.69568 0.941948
1118.2 2.69568 0.941948
1122.18 2.69568 0.941948
1126.16 2.69568 0.941948
1130.14 2.69568 0.941948
1134.12 2.69568 0.941948
1138.1 2.69568 0.941948
1142.08 2.69568 0.941948
1146.06 2.69568 0.941948
1150.04 2.69568 0.941948
1154.02 2.69568 0.941948
1158 2.69568 0.941948
1161.98 2.69568 0.941948
1165.96 2.69568 0.941948
1169.94 2.69568 0.941948
1173.91 2.69568 0.941948
1177.89 2.69568 0.941948
1181.87 2.69568 0.941948
1185.85 2.69568 0.941948
1189.83 2.69568 0.941948
1193.81 2.69568 0.941948
1197.79 2.69568 0.941948
1201.77 2.69568 0.941948
1205.75 2.69568 0.941948
1209.73 2.69568 0.941948
1213.71 2.69568 0.941948
1217.69 2.69568 0.941948
1221.67 2.69568 0.941948
1225.65 2.69568 0.941948
1229.63 2.69568 0.941948
1233.61 2.69568 0.941948
1237.58 2.69568 0.941948
1241.56 2.69568 0.941948
1245.54 2.69568 0.941948
1249.52 2.69568 0.941948
1253.5 2.69568 0.941948
1257.48 2.69568 0.941948
1261.46 2.69568 0.941948
1265.44 2.69568 0.941948
1269.42 2.69568 0.941948
1273.4 2.69568 0.941948
1277.38 2.69568 0.941948
1281.36 2.69568 0.941948
1285.34 2.69568 0.941948
1289.32 2.69568 0.941948
1293.3 2.69568 0.941948
1297.28 2.69568 0.941948
1301.25 2.69568 0.941948
1305.23 2.69568 0.941948
1309.21 2.69568 0.941948
1313.19 2.69568 0.941948
1317.17 2.69568 0.941948
1321.15 2.69568 0.941948
1325.13 2.69568 0.941948
1329.11 2.69568 0.941948
1333.09 2.69568 0.941948
1337.07 2.69568 0.941948
1341.05 2.69568 0.941948
1345.03 2.69568 0.941948
1349.01 2.69568 0.941948
1352.99 2.69568 0.941948
1356.97 2.69568 0.941948
1360.95 2.69568 0.941948
1364.92 2.69568 0.941948
1368.9 2.69568 0.941948
1372.88 2.69568 0.941948
1376.86 2.69568 0.941948
1380.84 2.69568 0.941948
1384.82 2.69568 0.941948
1388.8 2.69568 0.941948
1392.78 2.69568 0.941948
1396.76 2.69568 0.941948
1400.74 2.69568 0.941948
1404.72 2.69568 0.941948
1408.7 2.69568 0.941948
1412.68 2.69568 0.941948
1416.66 2.69568 0.941948
1420.64 2.69568 0.941948
1424.62 2.69568 0.941948
1428.59 2.69568 0.941948
1432.57 2.69568 0.941948
1436.55 2.69568 0.941948
1440.53 2.69568 0.941948
1444.51 2.69568 0.941948
1448.49 2.69568 0.941948
1452.47 2.69568 0.941948
1456.45 2.69568 0.941948
1460.43 2.69568 0.941948
1464.41 2.69568 0.941948
1468.39 2.69568 0.941948
1472.37 2.69568 0.941948
1476.35 2.69568 0.941948
1480.33 2.69568 0.941948
1484.31 2.69568 0.941948
1488.29 2.69568 0.941948
1492.26 2.69568 0.941948
1496.24 2.69568 0.941948
1500.22 2.69568 0.941948
1504.2 2.69568 0.941948
1508.18 2.69568 0.941948
1512.16 2.69568 0.941948
1516.14 2.69568 0.941948
1520.12 2.69568 0.941948
1524.1 2.69568 0.941948
1528.08 2.69568 0.941948
1532.06 2.69568 0.941948
1536.04 2.69568 0.941948
1540.02 2.69568 0.941948
1544 2.69568 0.941948
1547.98 2.69568 0.941948
1551.96 2.69568 0.941948
1555.93 2.69568 0.941948
1559.91 2.69568 0.941948
1563.89 2.69568 0.941948
1567.87 2.69568 0.941948
1571.85 2.69568 0.941948
1575.83 2.69568 0.941948
1579.81 2.69568 0.941948
1583.79 2.69568 0.941948
1587.77 2.69568 0.941948
1591.75 2.69568 0.941948
1595.73 2.69568 0.941948
1599.71 2.69568 0.941948
1603.69 2.69568 0.941948
1607.67 2.69568 0.941948
1611.65 2.69568 0.941948
1615.63 2.69568 0.941948
1619.6 2.69568 0.941948
1623.58 2.69568 0.941948
1627.56 2.69568 0.941948
1631.54 2.69568 0.941948
1635.52 2.69568 0.941948
1639.5 2.69568 0.941948
1643.48 2.69568 0.941948
1647.46 2.69568 0.941948
1651.44 2.69568 0.941948
1655.42 2.69568 0.941948
1659.4 2.69568 0.941948
1663.38 2.69568 0.941948
1667.36 2.69568 0.941948
1671.34 2.69568 0.941948
1675.32 2.69568 0.941948
1679.3 2.69568 0.941948
1683.27 2.69568 0.941948
1687.25 2.69568 0.941948
1691.23 2.69568 0.941948
1695.21 2.69568 0.941948
1699.19 2.69568 0.941948
1703.17 2.69568 0.941948
1707.15 2.69568 0.941948
1711.13 2.69568 0.941948
1715.11 2.69568 0.941948
1719.09 2.69568 0.941948
1723.07 2.69568 0.941948
1727.05 2.69568 0.941948
1731.03 2.69568 0.941948
1735.01 2.69568 0.941948
1738.99 2.69568 0.941948
1742.97 2.69568 0.941948
1746.94 2.69568 0.941948
1750.92 2.69568 0.941948
1754.9 2.69568 0.941948
1758.88 2.69568 0.941948
1762.86 2.69568 0.941948
1766.84 2.69568 0.941948
1770.82 2.69568 0.941948
1774.8 2.69568 0.941948
1778.78 2.69568 0.941948
1782.76 2.69568 0.941948
1786.74 2.69568 0.941948
1790.72 2.69568 0.941948
1794.7 2.69568 0.941948
1798.68 2.69568 0.941948
1802.66 2.69568 0.941948
1806.64 2.69568 0.941948
1810.61 2.69568 0.941948
1814.59 2.69568 0.941948
1818.57 2.69568 0.941948
1822.55 2.69568 0.941948
1826.53 2.69568 0.941948
1830.51 2.69568 0.941948
1834.49 2.69568 0.941948
1838.47 2.69568 0.941948
1842.45 2.69568 0.941948
1846.43 2.69568 0.941948
1850.41 2.69568 0.941948
1854.39 2.69568 0.941948
1858.37 2.69568 0.941948
1862.35 2.69568 0.941948
1866.33 2.69568 0.941948
1870.31 2.69568 0.941948
1874.28 2.69568 0.941948
1878.26 2.69568 0.941948
1882.24 2.69568 0.941948
1886.22 2.69568 0.941948
1890.2 2.69568 0.941948
1894.18 2.69568 0.941948
1898.16 2.69568 0.941948
1902.14 2.69568 0.941948
1906.12 2.69568 0.941948
1910.1 2.69568 0.941948
1914.08 2.69568 0.941948
1918.06 2.69568 0.941948
1922.04 2.69568 0.941948
1926.02 2.69568 0.941948
1930 2.69568 0.941948
1933.98 2.69568 0.941948
1937.95 2.69568 0.941948
1941.93 2.69568 0.941948
1945.91 2.69568 0.941948
1949.89 2.69568 0.941948
1953.87 2.69568 0.941948
1957.85 2.69568 0.941948
1961.83 2.69568 0.941948
1965.81 2.69568 0.941948
1969.79 2.69568 0.941948
1973.77 2.69568 0.941948
1977.75 2.69568 0.941948
1981.73 2.69568 0.941948
1985.71 2.69568 0.941948
1989.69 2.69568 0.941948
1993.67 2.69568 0.941948
1997.65 2.69568 0.941948
2001.62 2.69568 0.941948
2005.6 2.69568 0.941948
2009.58 2.69568 0.941948
2013.56 2.69568 0.941948
2017.54 2.69568 0.941948
2021.52 2.69568 0.941948
2025.5 2.69568 0.941948
2029.48 2.69568 0.941948
2033.46 2.69568 0.941948
2037.44 2.69568 0.941948
2041.42 2.69568 0.941948
2045.4 2.69568 0.941948
2049.38 2.69568 0.941948
2053.36 2.69568 0.941948
2057.34 2.69568 0.941948
2061.31 2.69568 0.941948
2065.29 2.69568 0.941948
2069.27 2.69568 0.941948
2073.25 2.69568 0.941948
2077.23 2.69568 0.941948
2081.21 2.69568 0.941948
2085.19 2.69568 0.941948
2089.17 2.69568 0.941948
2093.15 2.69568 0.941948
2097.13 2.69568 0.941948
2101.11 2.69568 0.941948
2105.09 2.69568 0.941948
2109.07 2.69568 0.941948
2113.05 2.69568 0.941948
2117.03 2.69568 0.941948
2121.01 2.69568 0.941948
2124.98 2.69568 0.941948
2128.96 2.69568 0.941948
2132.94 2.69568 0.941948
2136.92 2.69568 0.941948
2140.9 2.69568 0.941948
2144.88 2.69568 0.941948
2148.86 2.69568 0.941948
2152.84 2.69568 0.941948
2156.82 2.69568 0.941948
2160.8 2.69568 0.941948
2164.78 2.69568 0.941948
2168.76 2.69568 0.941948
2172.74 2.69568 0.941948
2176.72 2.69568 0.941948
2180.7 2.69568 0.941948
2184.68 2.69568 0.941948
2188.65 2.69568 0.941948
2192.63 2.69568 0.941948
2196.61 2.69568 0.941948
2200.59 2.69568 0.941948
2204.57 2.69568 0.941948
2208.55 2.69568 0.941948
2212.53 2.69568 0.941948
2216.51 2.69568 0.941948
2220.49 2.69568 0.941948
2224.47 2.69568 0.941948
2228.45 2.69568 0.941948
2232.43 2.69568 0.941948
2236.41 2.69568 0.941948
2240.39 2.69568 0.941948
2244.37 2.69568 0.941948
2248.35 2.69568 0.941948
2252.32 2.69568 0.941948
2256.3 2.69568 0.941948
2260.28 2.69568 0.941948
2264.26 2.69568 0.941948
2268.24 2.69568 0.941948
2272.22 2.69568 0.941948
2276.2 2.69568 0.941948
2280.18 2.69568 0.941948
2284.16 2.69568 0.941948
2288.14 2.69568 0.941948
2292.12 2.69568 0.941948
2296.1 2.69568 0.941948
2300.08 2.69568 0.941948
2304.06 2.69568 0.941948
2308.04 2.69568 0.941948
2312.02 2.69568 0.941948
2315.99 2.69568 0.941948
2319.97 2.69568 0.941948
2323.95 2.69568 0.941948
2327.93 2.69568 0.941948
2331.91 2.69568 0.941948
2335.89 2.69568 0.941948
2339.87 2.69568 0.941948
2343.85 2.69568 0.941948
2347.83 2.69568 0.941948
2351.81 2.69568 0.941948
2355.79 2.69568 0.941948
2359.77 2.69568 0.941948
2363.75 2.69568 0.941948
2367.73 2.69568 0.941948
2371.71 2.69568 0.941948
2375.69 2.69568 0.941948
2379.66 2.69568 0.941948
2383.64 2.69568 0.941948
2387.62 2.69568 0.941948
2391.6 2.69568 0.941948
2395.58 2.69568 0.941948
2399.56 2.69568 0.941948
2403.54 2.69568 0.941948
2407.52 2.69568 0.941948
2411.5 2.69568 0.941948
2415.48 2.69568 0.941948
2419.46 2.69568 0.941948
2423.44 2.69568 0.941948
2427.42 2.69568 0.941948
2431.4 2.69568 0.941948
2435.38 2.69568 0.941948
2439.36 2.69568 0.941948
2443.33 2.69568 0.941948
2447.31 2.69568 0.941948
2451.29 2.69568 0.941948
2455.27 2.69568 0.941948
2459.25 2.69568 0.941948
2463.23 2.69568 0.941948
2467.21 2.69568 0.941948
2471.19 2.69568 0.941948
2475.17 2.69568 0.941948
2479.15 2.69568 0.941948
2483.13 2.69568 0.941948
2487.11 2.69568 0.941948
2491.09 2.69568 0.941948
2495.07 2.69568 0.941948
2499.05 2.69568 0.941948
2503.03 2.69568 0.941948
2507 2.69568 0.941948
2510.98 2.69568 0.941948
2514.96 2.69568 0.941948
2518.94 2.69568 0.941948
2522.92 2.69568 0.941948
2526.9 2.69568 0.941948
2530.88 2.69568 0.941948
2534.86 2.69568 0.941948
2538.84 2.69568 0.941948
2542.82 2.69568 0.941948
2546.8 2.69568 0.941948
2550.78 2.69568 0.941948
2554.76 2.69568 0.941948
2558.74 2.69568 0.941948
2562.72 2.69568 0.941948
2566.7 2.69568 0.941948
2570.67 2.69568 0.941948
2574.65 2.69568 0.941948
2578.63 2.69568 0.941948
2582.61 2.69568 0.941948
2586.59 2.69568 0.941948
2590.57 2.69568 0.941948
2594.55 2.69568 0.941948
2598.53 2.69568 0.941948
2602.51 2.69568 0.941948
2606.49 2.69568 0.941948
2610.47 2.69568 0.941948
2614.45 2.69568 0.941948
2618.43 2.69568 0.941948
2622.41 2.69568 0.941948
2626.39 2.69568 0.941948
2630.37 2.69568 0.941948
2634.34 2.69568 0.941948
2638.32 2.69568 0.941948
2642.3 2.69568 0.941948
2646.28 2.69568 0.941948
2650.26 2.69568 0.941948
2654.24 2.69568 0.941948
2658.22 2.69568 0.941948
2662.2 2.69568 0.941948
2666.18 2.69568 0.941948
2670.16 2.69568 0.941948
2674.14 2.69568 0.941948
2678.12 2.69568 0.941948
2682.1 2.69568 0.941948
2686.08 2.69568 0.941948
2690.06 2.69568 0.941948
2694.04 2.69568 0.941948
2698.01 2.69568 0.941948
2701.99 2.69568 0.941948
2705.97 2.69568 0.941948
2709.95 2.69568 0.941948
2713.93 2.69568 0.941948
2717.91 2.69568 0.941948
2721.89 2.69568 0.941948
2725.87 2.69568 0.941948
2729.85 2.69568 0.941948
2733.83 2.69568 0.941948
2737.81 2.69568 0.941948
2741.79 2.69568 0.941948
2745.77 2.69568 0.941948
2749.75 2.69568 0.941948
2753.73 2.69568 0.941948
2757.71 2.69568 0.941948
2761.68 2.69568 0.941948
2765.66 2.69568 0.941948
2769.64 2.69568 0.941948
2773.62 2.69568 0.941948
2777.6 2.69568 0.941948
2781.58 2.69568 0.941948
2785.56 2.69568 0.941948
2789.54 2.69568 0.941948
2793.52 2.69568 0.941948
2797.5 2.69568 0.941948
2801.48 2.69568 0.941948
2805.46 2.69568 0.941948
2809.44 2.69568 0.941948
2813.42 2.69568 0.941948
2817.4 2.69568 0.941948
2821.38 2.69568 0.941948
2825.35 2.69568 0.941948
2829.33 2.69568 0.941948
2833.31 2.69568 0.941948
2837.29 2.69568 0.941948
2841.27 2.69568 0.941948
2845.25 2.69568 0.941948
2849.23 2.69568 0.941948
2853.21 2.69568 0.941948
2857.19 2.69568 0.941948
2861.17 2.69568 0.941948
2865.15 2.69568 0.941948
2869.13 2.69568 0.941948
2873.11 2.69568 0.941948
2877.09 2.69568 0.941948
2881.07 2.69568 0.941948
2885.05 2.69568 0.941948
2889.02 2.69568 0.941948
2893 2.69568 0.941948
2896.98 2.69568 0.941948
2900.96 2.69568 0.941948
2904.94 2.69568 0.941948
2908.92 2.69568 0.941948
2912.9 2.69568 0.941948
2916.88 2.69568 0.941948
2920.86 2.69568 0.941948
2924.84 2.69568 0.941948
2928.82 2.69568 0.941948
2932.8 2.69568 0.941948
2936.78 2.69568 0.941948
2940.76 2.69568 0.941948
2944.74 2.69568 0.941948
2948.72 2.69568 0.941948
2952.69 2.69568 0.941948
2956.67 2.69568 0.941948
2960.65 2.69568 0.941948
2964.63 2.69568 0.941948
2968.61 2.69568 0.941948
2972.59 2.69568 0.941948
2976.57 2.69568 0.941948
2980.55 2.69568 0.941948
2984.53 2.69568 0.941948
2988.51 2.69568 0.941948
2992.49 2.69568 0.941948
2996.47 2.69568 0.941948
3000.45 2.69568 0.941948
3004.43 2.69568 0.941948
3008.41 2.69568 0.941948
3012.38 2.69568 0.941948
3016.36 2.69568 0.941948
3020.34 2.69568 0.941948
3024.32 2.69568 0.941948
3028.3 2.69568 0.941948
3032.28 2.69568 0.941948
3036.26 2.69568 0.941948
3040.24 2.69568 0.941948
3044.22 2.69568 0.941948
3048.2 2.69568 0.941948
3052.18 2.69568 0.941948
3056.16 2.69568 0.941948
3060.14 2.69568 0.941948
3064.12 2.69568 0.941948
3068.1 2.69568 0.941948
3072.08 2.69568 0.941948
3076.05 2.69568 0.941948
3080.03 2.69568 0.941948
3084.01 2.69568 0.941948
3087.99 2.69568 0.941948
3091.97 2.69568 0.941948
3095.95 2.69568 0.941948
3099.93 2.69568 0.941948
3103.91 2.69568 0.941948
3107.89 2.69568 0.941948
3111.87 2.69568 0.941948
3115.85 2.69568 0.941948
3119.83 2.69568 0.941948
3123.81 2.69568 0.941948
3127.79 2.69568 0.941948
3131.77 2.69568 0.941948
3135.75 2.69568 0.941948
3139.72 2.69568 0.941948
3143.7 2.69568 0.941948
3147.68 2.69568 0.941948
3151.66 2.69568 0.941948
3155.64 2.69568 0.941948
3159.62 2.69568 0.941948
3163.6 2.69568 0.941948
3167.58 2.69568 0.941948
3171.56 2.69568 0.941948
3175.54 2.69568 0.941948
3179.52 2.69568 0.941948
3183.5 2.69568 0.941948
3187.48 2.69568 0.941948
3191.46 2.69568 0.941948
3195.44 2.69568 0.941948
3199.42 2.69568 0.941948
3203.39 2.69568 0.941948
3207.37 2.69568 0.941948
3211.35 2.69568 0.941948
3215.33 2.69568 0.941948
3219.31 2.69568 0.941948
3223.29 2.69568 0.941948
3227.27 2.69568 0.941948
3231.25 2.69568 0.941948
3235.23 2.69568 0.941948
3239.21 2.69568 0.941948
3243.19 2.69568 0.941948
3247.17 2.69568 0.941948
3251.15 2.69568 0.941948
3255.13 2.69568 0.941948
3259.11 2.69568 0.941948
3263.09 2.69568 0.941948
3267.06 2.69568 0.941948
3271.04 2.69568 0.941948
3275.02 2.69568 0.941948
3279 2.69568 0.941948
3282.98 2.69568 0.941948
3286.96 2.69568 0.941948
3290.94 2.69568 0.941948
3294.92 2.69568 0.941948
3298.9 2.69568 0.941948
3302.88 2.69568 0.941948
3306.86 2.69568 0.941948
3310.84 2.69568 0.941948
3314.82 2.69568 0.941948
3318.8 2.69568 0.941948
3322.78 2.69568 0.941948
3326.76 2.69568 0.941948
3330.73 2.69568 0.941948
3334.71 2.69568 0.941948
3338.69 2.69568 0.941948
3342.67 2.69568 0.941948
3346.65 2.69568 0.941948
3350.63 2.69568 0.941948
3354.61 2.69568 0.941948
3358.59 2.69568 0.941948
3362.57 2.69568 0.941948
3366.55 2.69568 0.941948
3370.53 2.69568 0.941948
3374.51 2.69568 0.941948
3378.49 2.69568 0.941948
3382.47 2.69568 0.941948
3386.45 2.69568 0.941948
3390.43 2.69568 0.941948
3394.4 2.69568 0.941948
3398.38 2.69568 0.941948
3402.36 2.69568 0.941948
3406.34 2.69568 0.941948
3410.32 2.69568 0.941948
3414.3 2.69568 0.941948
3418.28 2.69568 0.941948
3422.26 2.69568 0.941948
3426.24 2.69568 0.941948
3430.22 2.69568 0.941948
3434.2 2.69568 0.941948
3438.18 2.69568 0.941948
3442.16 2.69568 0.941948
3446.14 2.69568 0.941948
3450.12 2.69568 0.941948
3454.1 2.69568 0.941948
3458.07 2.69568 0.941948
3462.05 2.69568 0.941948
3466.03 2.69568 0.941948
3470.01 2.69568 0.941948
3473.99 2.69568 0.941948
3477.97 2.69568 0.941948
3481.95 2.69568 0.941948
3485.93 2.69568 0.941948
3489.91 2.69568 0.941948
3493.89 2.69568 0.941948
3497.87 2.69568 0.941948
3501.85 2.69568 0.941948
3505.83 2.69568 0.941948
3509.81 2.69568 0.941948
3513.79 2.69568 0.941948
3517.77 2.69568 0.941948
3521.74 2.69568 0.941948
3525.72 2.69568 0.941948
3529.7 2.69568 0.941948
3533.68 2.69568 0.941948
3537.66 2.69568 0.941948
3541.64 2.69568 0.941948
3545.62 2.69568 0.941948
3549.6 2.69568 0.941948
3553.58 2.69568 0.941948
3557.56 2.69568 0.941948
3561.54 2.69568 0.941948
3565.52 2.69568 0.941948
3569.5 2.69568 0.941948
3573.48 2.69568 0.941948
3577.46 2.69568 0.941948
3581.44 2.69568 0.941948
3585.41 2.69568 0.941948
3589.39 2.69568 0.941948
3593.37 2.69568 0.941948
3597.35 2.69568 0.941948
3601.33 2.69568 0.941948
3605.31 2.69568 0.941948
