1.9101 0.718848 0.251186
2.86515 0.718848 0.251186
3.8202 0.718848 0.251186
4.77525 0.718848 0.251186
5.7303 0.718848 0.251186
6.68535 0.718848 0.251186
7.6404 0.718848 0.251186
8.59544 0.718848 0.251186
9.55049 0.718848 0.251186
10.5055 0.718848 0.251186
11.4606 0.718848 0.251186
12.4156 0.718848 0.251186
13.3707 0.718848 0.251186
14.3257 0.718848 0.251186
15.2808 0.718848 0.251186
16.2358 0.718848 0.251186
17.1909 0.718848 0.251186
18.1459 0.718848 0.251186
19.101 0.718848 0.251186
20.056 0.718848 0.251186
21.0111 0.718848 0.251186
21.9661 0.718848 0.251186
22.9212 0.718848 0.251186
23.8762 0.718848 0.251186
24.8313 0.718848 0.251186
25.7863 0.718848 0.251186
26.7414 0.718848 0.251186
27.6964 0.718848 0.251186
28.6515 0.718848 0.251186
29.6065 0.718848 0.251186
30.5616 0.718848 0.251186
31.5166 0.718848 0.251186
32.4717 0.718848 0.251186
33.4267 0.718848 0.251186
34.3818 0.718848 0.251186
35.3368 0.718848 0.251186
36.2919 0.718848 0.251186
37.2469 0.718848 0.251186
38.202 0.718848 0.251186
39.157 0.718848 0.251186
40.1121 0.718848 0.251186
41.0671 0.718848 0.251186
42.0222 0.718848 0.251186
42.9772 0.718848 0.251186
43.9323 0.718848 0.251186
44.8873 0.718848 0.251186
45.8424 0.718848 0.251186
46.7974 0.718848 0.251186
47.7525 0.718848 0.251186
48.7075 0.718848 0.251186
49.6626 0.718848 0.251186
50.6176 0.718848 0.251186
51.5727 0.718848 0.251186
52.5277 0.718848 0.251186
53.4828 0.718848 0.251186
54.4378 0.718848 0.251186
55.3929 0.718848 0.251186
56.3479 0.718848 0.251186
57.303 0.718848 0.251186
58.258 0.718848 0.251186
59.2131 0.718848 0.251186
60.1681 0.718848 0.251186
61.1232 0.718848 0.251186
62.0782 0.718848 0.251186
63.0333 0.718848 0.251186
63.9883 0.718848 0.251186
64.9434 0.718848 0.251186
65.8984 0.718848 0.251186
66.8535 0.718848 0.251186
67.8085 0.718848 0.251186
68.7636 0.718848 0.251186
69.7186 0.718848 0.251186
70.6737 0.718848 0.251186
71.6287 0.718848 0.251186
72.5838 0.718848 0.251186
73.5388 0.718848 0.251186
74.4939 0.718848 0.251186
75.4489 0.718848 0.251186
76.404 0.718848 0.251186
77.359 0.718848 0.251186
78.3141 0.718848 0.251186
79.2691 0.718848 0.251186
80.2242 0.718848 0.251186
81.1792 0.718848 0.251186
82.1342 0.718848 0.251186
83.0893 0.718848 0.251186
84.0443 0.718848 0.251186
84.9994 0.718848 0.251186
85.9544 0.718848 0.251186
86.9095 0.718848 0.251186
87.8645 0.718848 0.251186
88.8196 0.718848 0.251186
89.7746 0.718848 0.251186
90.7297 0.718848 0.251186
91.6847 0.718848 0.251186
92.6398 0.718848 0.251186
93.5948 0.718848 0.251186
94.5499 0.718848 0.251186
95.5049 0.718848 0.251186
96.46 0.718848 0.251186
97.415 0.718848 0.251186
98.3701 0.718848 0.251186
99.3251 0.718848 0.251186
100.28 0.718848 0.251186
101.235 0.718848 0.251186
102.19 0.718848 0.251186
103.145 0.718848 0.251186
104.1 0.718848 0.251186
105.055 0.718848 0.251186
106.01 0.718848 0.251186
106.966 0.718848 0.251186
107.921 0.718848 0.251186
108.876 0.718848 0.251186
109.831 0.718848 0.251186
110.786 0.718848 0.251186
111.741 0.718848 0.251186
112.696 0.718848 0.251186
113.651 0.718848 0.251186
114.606 0.718848 0.251186
115.561 0.718848 0.251186
116.516 0.718848 0.251186
117.471 0.718848 0.251186
118.426 0.718848 0.251186
119.381 0.718848 0.251186
120.336 0.718848 0.251186
121.291 0.718848 0.251186
122.246 0.718848 0.251186
123.201 0.718848 0.251186
124.156 0.718848 0.251186
125.111 0.718848 0.251186
126.067 0.718848 0.251186
127.022 0.718848 0.251186
127.977 0.718848 0.251186
128.932 0.718848 0.251186
129.887 0.718848 0.251186
130.842 0.718848 0.251186
131.797 0.718848 0.251186
132.752 0.718848 0.251186
133.707 0.718848 0.251186
134.662 0.718848 0.251186
135.617 0.718848 0.251186
136.572 0.718848 0.251186
137.527 0.718848 0.251186
138.482 0.718848 0.251186
139.437 0.718848 0.251186
140.392 0.718848 0.251186
141.347 0.718848 0.251186
142.302 0.718848 0.251186
143.257 0.718848 0.251186
144.212 0.718848 0.251186
145.168 0.718848 0.251186
146.123 0.718848 0.251186
147.078 0.718848 0.251186
148.033 0.718848 0.251186
148.988 0.718848 0.251186
149.943 0.718848 0.251186
150.898 0.718848 0.251186
151.853 0.718848 0.251186
152.808 0.718848 0.251186
153.763 0.718848 0.251186
154.718 0.718848 0.251186
155.673 0.718848 0.251186
156.628 0.718848 0.251186
157.583 0.718848 0.251186
158.538 0.718848 0.251186
159.493 0.718848 0.251186
160.448 0.718848 0.251186
161.403 0.718848 0.251186
162.358 0.718848 0.251186
163.313 0.718848 0.251186
164.268 0.718848 0.251186
165.224 0.718848 0.251186
166.179 0.718848 0.251186
167.134 0.718848 0.251186
168.089 0.718848 0.251186
169.044 0.718848 0.251186
169.999 0.718848 0.251186
170.954 0.718848 0.251186
171.909 0.718848 0.251186
172.864 0.718848 0.251186
173.819 0.718848 0.251186
174.774 0.718848 0.251186
175.729 0.718848 0.251186
176.684 0.718848 0.251186
177.639 0.718848 0.251186
178.594 0.718848 0.251186
179.549 0.718848 0.251186
180.504 0.718848 0.251186
181.459 0.718848 0.251186
182.414 0.718848 0.251186
183.369 0.718848 0.251186
184.325 0.718848 0.251186
185.28 0.718848 0.251186
186.235 0.718848 0.251186
187.19 0.718848 0.251186
188.145 0.718848 0.251186
189.1 0.718848 0.251186
190.055 0.718848 0.251186
191.01 0.718848 0.251186
191.965 0.718848 0.251186
192.92 0.718848 0.251186
193.875 0.718848 0.251186
194.83 0.718848 0.251186
195.785 0.718848 0.251186
196.74 0.718848 0.251186
197.695 0.718848 0.251186
198.65 0.718848 0.251186
199.605 0.718848 0.251186
200.56 0.718848 0.251186
201.515 0.718848 0.251186
202.47 0.718848 0.251186
203.426 0.718848 0.251186
204.381 0.718848 0.251186
205.336 0.718848 0.251186
206.291 0.718848 0.251186
207.246 0.718848 0.251186
208.201 0.718848 0.251186
209.156 0.718848 0.251186
210.111 0.718848 0.251186
211.066 0.718848 0.251186
212.021 0.718848 0.251186
212.976 0.718848 0.251186
213.931 0.718848 0.251186
214.886 0.718848 0.251186
215.841 0.718848 0.251186
216.796 0.718848 0.251186
217.751 0.718848 0.251186
218.706 0.718848 0.251186
219.661 0.718848 0.251186
220.616 0.718848 0.251186
221.571 0.718848 0.251186
222.527 0.718848 0.251186
223.482 0.718848 0.251186
224.437 0.718848 0.251186
225.392 0.718848 0.251186
226.347 0.718848 0.251186
227.302 0.718848 0.251186
228.257 0.718848 0.251186
229.212 0.718848 0.251186
230.167 0.718848 0.251186
231.122 0.718848 0.251186
232.077 0.718848 0.251186
233.032 0.718848 0.251186
233.987 0.718848 0.251186
234.942 0.718848 0.251186
235.897 0.718848 0.251186
236.852 0.718848 0.251186
237.807 0.718848 0.251186
238.762 0.718848 0.251186
239.717 0.718848 0.251186
240.672 0.718848 0.251186
241.627 0.718848 0.251186
242.583 0.718848 0.251186
243.538 0.718848 0.251186
244.493 0.718848 0.251186
245.448 0.718848 0.251186
246.403 0.718848 0.251186
247.358 0.718848 0.251186
248.313 0.718848 0.251186
249.268 0.718848 0.251186
250.223 0.718848 0.251186
251.178 0.718848 0.251186
252.133 0.718848 0.251186
253.088 0.718848 0.251186
254.043 0.718848 0.251186
254.998 0.718848 0.251186
255.953 0.718848 0.251186
256.908 0.718848 0.251186
257.863 0.718848 0.251186
258.818 0.718848 0.251186
259.773 0.718848 0.251186
260.728 0.718848 0.251186
261.684 0.718848 0.251186
262.639 0.718848 0.251186
263.594 0.718848 0.251186
264.549 0.718848 0.251186
265.504 0.718848 0.251186
266.459 0.718848 0.251186
267.414 0.718848 0.251186
268.369 0.718848 0.251186
269.324 0.718848 0.251186
270.279 0.718848 0.251186
271.234 0.718848 0.251186
272.189 0.718848 0.251186
273.144 0.718848 0.251186
274.099 0.718848 0.251186
275.054 0.718848 0.251186
276.009 0.718848 0.251186
276.964 0.718848 0.251186
277.919 0.718848 0.251186
278.874 0.718848 0.251186
279.829 0.718848 0.251186
280.785 0.718848 0.251186
281.74 0.718848 0.251186
282.695 0.718848 0.251186
283.65 0.718848 0.251186
284.605 0.718848 0.251186
285.56 0.718848 0.251186
286.515 0.718848 0.251186
287.47 0.718848 0.251186
288.425 0.718848 0.251186
289.38 0.718848 0.251186
290.335 0.718848 0.251186
291.29 0.718848 0.251186
292.245 0.718848 0.251186
293.2 0.718848 0.251186
294.155 0.718848 0.251186
295.11 0.718848 0.251186
296.065 0.718848 0.251186
297.02 0.718848 0.251186
297.975 0.718848 0.251186
298.93 0.718848 0.251186
299.886 0.718848 0.251186
300.841 0.718848 0.251186
301.796 0.718848 0.251186
302.751 0.718848 0.251186
303.706 0.718848 0.251186
304.661 0.718848 0.251186
305.616 0.718848 0.251186
306.571 0.718848 0.251186
307.526 0.718848 0.251186
308.481 0.718848 0.251186
309.436 0.718848 0.251186
310.391 0.718848 0.251186
311.346 0.718848 0.251186
312.301 0.718848 0.251186
313.256 0.718848 0.251186
314.211 0.718848 0.251186
315.166 0.718848 0.251186
316.121 0.718848 0.251186
317.076 0.718848 0.251186
318.031 0.718848 0.251186
318.987 0.718848 0.251186
319.942 0.718848 0.251186
320.897 0.718848 0.251186
321.852 0.718848 0.251186
322.807 0.718848 0.251186
323.762 0.718848 0.251186
324.717 0.718848 0.251186
325.672 0.718848 0.251186
326.627 0.718848 0.251186
327.582 0.718848 0.251186
328.537 0.718848 0.251186
329.492 0.718848 0.251186
330.447 0.718848 0.251186
331.402 0.718848 0.251186
332.357 0.718848 0.251186
333.312 0.718848 0.251186
334.267 0.718848 0.251186
335.222 0.718848 0.251186
336.177 0.718848 0.251186
337.132 0.718848 0.251186
338.087 0.718848 0.251186
339.043 0.718848 0.251186
339.998 0.718848 0.251186
340.953 0.718848 0.251186
341.908 0.718848 0.251186
342.863 0.718848 0.251186
343.818 0.718848 0.251186
344.773 0.718848 0.251186
345.728 0.718848 0.251186
346.683 0.718848 0.251186
347.638 0.718848 0.251186
348.593 0.718848 0.251186
349.548 0.718848 0.251186
350.503 0.718848 0.251186
351.458 0.718848 0.251186
352.413 0.718848 0.251186
353.368 0.718848 0.251186
354.323 0.718848 0.251186
355.278 0.718848 0.251186
356.233 0.718848 0.251186
357.188 0.718848 0.251186
358.144 0.718848 0.251186
359.099 0.718848 0.251186
360.054 0.718848 0.251186
361.009 0.718848 0.251186
361.964 0.718848 0.251186
362.919 0.718848 0.251186
363.874 0.718848 0.251186
364.829 0.718848 0.251186
365.784 0.718848 0.251186
366.739 0.718848 0.251186
367.694 0.718848 0.251186
368.649 0.718848 0.251186
369.604 0.718848 0.251186
370.559 0.718848 0.251186
371.514 0.718848 0.251186
372.469 0.718848 0.251186
373.424 0.718848 0.251186
374.379 0.718848 0.251186
375.334 0.718848 0.251186
376.289 0.718848 0.251186
377.245 0.718848 0.251186
378.2 0.718848 0.251186
379.155 0.718848 0.251186
380.11 0.718848 0.251186
381.065 0.718848 0.251186
382.02 0.718848 0.251186
382.975 0.718848 0.251186
383.93 0.718848 0.251186
384.885 0.718848 0.251186
385.84 0.718848 0.251186
386.795 0.718848 0.251186
387.75 0.718848 0.251186
388.705 0.718848 0.251186
389.66 0.718848 0.251186
390.615 0.718848 0.251186
391.57 0.718848 0.251186
392.525 0.718848 0.251186
393.48 0.718848 0.251186
394.435 0.718848 0.251186
395.39 0.718848 0.251186
396.346 0.718848 0.251186
397.301 0.718848 0.251186
398.256 0.718848 0.251186
399.211 0.718848 0.251186
400.166 0.718848 0.251186
401.121 0.718848 0.251186
402.076 0.718848 0.251186
403.031 0.718848 0.251186
403.986 0.718848 0.251186
404.941 0.718848 0.251186
405.896 0.718848 0.251186
406.851 0.718848 0.251186
407.806 0.718848 0.251186
408.761 0.718848 0.251186
409.716 0.718848 0.251186
410.671 0.718848 0.251186
411.626 0.718848 0.251186
412.581 0.718848 0.251186
413.536 0.718848 0.251186
414.491 0.718848 0.251186
415.446 0.718848 0.251186
416.402 0.718848 0.251186
417.357 0.718848 0.251186
418.312 0.718848 0.251186
419.267 0.718848 0.251186
420.222 0.718848 0.251186
421.177 0.718848 0.251186
422.132 0.718848 0.251186
423.087 0.718848 0.251186
424.042 0.718848 0.251186
424.997 0.718848 0.251186
425.952 0.718848 0.251186
426.907 0.718848 0.251186
427.862 0.718848 0.251186
428.817 0.718848 0.251186
429.772 0.718848 0.251186
430.727 0.718848 0.251186
431.682 0.718848 0.251186
432.637 0.718848 0.251186
433.592 0.718848 0.251186
434.547 0.718848 0.251186
435.503 0.718848 0.251186
436.458 0.718848 0.251186
437.413 0.718848 0.251186
438.368 0.718848 0.251186
439.323 0.718848 0.251186
440.278 0.718848 0.251186
441.233 0.718848 0.251186
442.188 0.718848 0.251186
443.143 0.718848 0.251186
444.098 0.718848 0.251186
445.053 0.718848 0.251186
446.008 0.718848 0.251186
446.963 0.718848 0.251186
447.918 0.718848 0.251186
448.873 0.718848 0.251186
449.828 0.718848 0.251186
450.783 0.718848 0.251186
451.738 0.718848 0.251186
452.693 0.718848 0.251186
453.648 0.718848 0.251186
454.604 0.718848 0.251186
455.559 0.718848 0.251186
456.514 0.718848 0.251186
457.469 0.718848 0.251186
458.424 0.718848 0.251186
459.379 0.718848 0.251186
460.334 0.718848 0.251186
461.289 0.718848 0.251186
462.244 0.718848 0.251186
463.199 0.718848 0.251186
464.154 0.718848 0.251186
465.109 0.718848 0.251186
466.064 0.718848 0.251186
467.019 0.718848 0.251186
467.974 0.718848 0.251186
468.929 0.718848 0.251186
469.884 0.718848 0.251186
470.839 0.718848 0.251186
471.794 0.718848 0.251186
472.749 0.718848 0.251186
473.705 0.718848 0.251186
474.66 0.718848 0.251186
475.615 0.718848 0.251186
476.57 0.718848 0.251186
477.525 0.718848 0.251186
478.48 0.718848 0.251186
479.435 0.718848 0.251186
480.39 0.718848 0.251186
481.345 0.718848 0.251186
482.3 0.718848 0.251186
483.255 0.718848 0.251186
484.21 0.718848 0.251186
485.165 0.718848 0.251186
486.12 0.718848 0.251186
487.075 0.718848 0.251186
488.03 0.718848 0.251186
488.985 0.718848 0.251186
489.94 0.718848 0.251186
490.895 0.718848 0.251186
491.85 0.718848 0.251186
492.805 0.718848 0.251186
493.761 0.718848 0.251186
494.716 0.718848 0.251186
495.671 0.718848 0.251186
496.626 0.718848 0.251186
497.581 0.718848 0.251186
498.536 0.718848 0.251186
499.491 0.718848 0.251186
500.446 0.718848 0.251186
501.401 0.718848 0.251186
502.356 0.718848 0.251186
503.311 0.718848 0.251186
504.266 0.718848 0.251186
505.221 0.718848 0.251186
506.176 0.718848 0.251186
507.131 0.718848 0.251186
508.086 0.718848 0.251186
509.041 0.718848 0.251186
509.996 0.718848 0.251186
510.951 0.718848 0.251186
511.906 0.718848 0.251186
512.862 0.718848 0.251186
513.817 0.718848 0.251186
514.772 0.718848 0.251186
515.727 0.718848 0.251186
516.682 0.718848 0.251186
517.637 0.718848 0.251186
518.592 0.718848 0.251186
519.547 0.718848 0.251186
520.502 0.718848 0.251186
521.457 0.718848 0.251186
522.412 0.718848 0.251186
523.367 0.718848 0.251186
524.322 0.718848 0.251186
525.277 0.718848 0.251186
526.232 0.718848 0.251186
527.187 0.718848 0.251186
528.142 0.718848 0.251186
529.097 0.718848 0.251186
530.052 0.718848 0.251186
531.007 0.718848 0.251186
531.963 0.718848 0.251186
532.918 0.718848 0.251186
533.873 0.718848 0.251186
534.828 0.718848 0.251186
535.783 0.718848 0.251186
536.738 0.718848 0.251186
537.693 0.718848 0.251186
538.648 0.718848 0.251186
539.603 0.718848 0.251186
540.558 0.718848 0.251186
541.513 0.718848 0.251186
542.468 0.718848 0.251186
543.423 0.718848 0.251186
544.378 0.718848 0.251186
545.333 0.718848 0.251186
546.288 0.718848 0.251186
547.243 0.718848 0.251186
548.198 0.718848 0.251186
549.153 0.718848 0.251186
550.108 0.718848 0.251186
551.064 0.718848 0.251186
552.019 0.718848 0.251186
552.974 0.718848 0.251186
553.929 0.718848 0.251186
554.884 0.718848 0.251186
555.839 0.718848 0.251186
556.794 0.718848 0.251186
557.749 0.718848 0.251186
558.704 0.718848 0.251186
559.659 0.718848 0.251186
560.614 0.718848 0.251186
561.569 0.718848 0.251186
562.524 0.718848 0.251186
563.479 0.718848 0.251186
564.434 0.718848 0.251186
565.389 0.718848 0.251186
566.344 0.718848 0.251186
567.299 0.718848 0.251186
568.254 0.718848 0.251186
569.209 0.718848 0.251186
570.164 0.718848 0.251186
571.12 0.718848 0.251186
572.075 0.718848 0.251186
573.03 0.718848 0.251186
573.985 0.718848 0.251186
574.94 0.718848 0.251186
575.895 0.718848 0.251186
576.85 0.718848 0.251186
577.805 0.718848 0.251186
578.76 0.718848 0.251186
579.715 0.718848 0.251186
580.67 0.718848 0.251186
581.625 0.718848 0.251186
582.58 0.718848 0.251186
583.535 0.718848 0.251186
584.49 0.718848 0.251186
585.445 0.718848 0.251186
586.4 0.718848 0.251186
587.355 0.718848 0.251186
588.31 0.718848 0.251186
589.265 0.718848 0.251186
590.221 0.718848 0.251186
591.176 0.718848 0.251186
592.131 0.718848 0.251186
593.086 0.718848 0.251186
594.041 0.718848 0.251186
594.996 0.718848 0.251186
595.951 0.718848 0.251186
596.906 0.718848 0.251186
597.861 0.718848 0.251186
598.816 0.718848 0.251186
599.771 0.718848 0.251186
600.726 0.718848 0.251186
601.681 0.718848 0.251186
602.636 0.718848 0.251186
603.591 0.718848 0.251186
604.546 0.718848 0.251186
605.501 0.718848 0.251186
606.456 0.718848 0.251186
607.411 0.718848 0.251186
608.366 0.718848 0.251186
609.322 0.718848 0.251186
610.277 0.718848 0.251186
611.232 0.718848 0.251186
612.187 0.718848 0.251186
613.142 0.718848 0.251186
614.097 0.718848 0.251186
615.052 0.718848 0.251186
616.007 0.718848 0.251186
616.962 0.718848 0.251186
617.917 0.718848 0.251186
618.872 0.718848 0.251186
619.827 0.718848 0.251186
620.782 0.718848 0.251186
621.737 0.718848 0.251186
622.692 0.718848 0.251186
623.647 0.718848 0.251186
624.602 0.718848 0.251186
625.557 0.718848 0.251186
626.512 0.718848 0.251186
627.467 0.718848 0.251186
628.423 0.718848 0.251186
629.378 0.718848 0.251186
630.333 0.718848 0.251186
631.288 0.718848 0.251186
632.243 0.718848 0.251186
633.198 0.718848 0.251186
634.153 0.718848 0.251186
635.108 0.718848 0.251186
636.063 0.718848 0.251186
637.018 0.718848 0.251186
637.973 0.718848 0.251186
638.928 0.718848 0.251186
639.883 0.718848 0.251186
640.838 0.718848 0.251186
641.793 0.718848 0.251186
642.748 0.718848 0.251186
643.703 0.718848 0.251186
644.658 0.718848 0.251186
645.613 0.718848 0.251186
646.568 0.718848 0.251186
647.523 0.718848 0.251186
648.479 0.718848 0.251186
649.434 0.718848 0.251186
650.389 0.718848 0.251186
651.344 0.718848 0.251186
652.299 0.718848 0.251186
653.254 0.718848 0.251186
654.209 0.718848 0.251186
655.164 0.718848 0.251186
656.119 0.718848 0.251186
657.074 0.718848 0.251186
658.029 0.718848 0.251186
658.984 0.718848 0.251186
659.939 0.718848 0.251186
660.894 0.718848 0.251186
661.849 0.718848 0.251186
662.804 0.718848 0.251186
663.759 0.718848 0.251186
664.714 0.718848 0.251186
665.669 0.718848 0.251186
666.624 0.718848 0.251186
667.58 0.718848 0.251186
668.535 0.718848 0.251186
669.49 0.718848 0.251186
670.445 0.718848 0.251186
671.4 0.718848 0.251186
672.355 0.718848 0.251186
673.31 0.718848 0.251186
674.265 0.718848 0.251186
675.22 0.718848 0.251186
676.175 0.718848 0.251186
677.13 0.718848 0.251186
678.085 0.718848 0.251186
679.04 0.718848 0.251186
679.995 0.718848 0.251186
680.95 0.718848 0.251186
681.905 0.718848 0.251186
682.86 0.718848 0.251186
683.815 0.718848 0.251186
684.77 0.718848 0.251186
685.725 0.718848 0.251186
686.681 0.718848 0.251186
687.636 0.718848 0.251186
688.591 0.718848 0.251186
689.546 0.718848 0.251186
690.501 0.718848 0.251186
691.456 0.718848 0.251186
692.411 0.718848 0.251186
693.366 0.718848 0.251186
694.321 0.718848 0.251186
695.276 0.718848 0.251186
696.231 0.718848 0.251186
697.186 0.718848 0.251186
698.141 0.718848 0.251186
699.096 0.718848 0.251186
700.051 0.718848 0.251186
701.006 0.718848 0.251186
701.961 0.718848 0.251186
702.916 0.718848 0.251186
703.871 0.718848 0.251186
704.826 0.718848 0.251186
705.782 0.718848 0.251186
706.737 0.718848 0.251186
707.692 0.718848 0.251186
708.647 0.718848 0.251186
709.602 0.718848 0.251186
710.557 0.718848 0.251186
711.512 0.718848 0.251186
712.467 0.718848 0.251186
713.422 0.718848 0.251186
714.377 0.718848 0.251186
715.332 0.718848 0.251186
716.287 0.718848 0.251186
717.242 0.718848 0.251186
718.197 0.718848 0.251186
719.152 0.718848 0.251186
720.107 0.718848 0.251186
721.062 0.718848 0.251186
722.017 0.718848 0.251186
722.972 0.718848 0.251186
723.927 0.718848 0.251186
724.882 0.718848 0.251186
725.838 0.718848 0.251186
726.793 0.718848 0.251186
727.748 0.718848 0.251186
728.703 0.718848 0.251186
729.658 0.718848 0.251186
730.613 0.718848 0.251186
731.568 0.718848 0.251186
732.523 0.718848 0.251186
733.478 0.718848 0.251186
734.433 0.718848 0.251186
735.388 0.718848 0.251186
736.343 0.718848 0.251186
737.298 0.718848 0.251186
738.253 0.718848 0.251186
739.208 0.718848 0.251186
740.163 0.718848 0.251186
741.118 0.718848 0.251186
742.073 0.718848 0.251186
743.028 0.718848 0.251186
743.983 0.718848 0.251186
744.939 0.718848 0.251186
745.894 0.718848 0.251186
746.849 0.718848 0.251186
747.804 0.718848 0.251186
748.759 0.718848 0.251186
749.714 0.718848 0.251186
750.669 0.718848 0.251186
751.624 0.718848 0.251186
752.579 0.718848 0.251186
753.534 0.718848 0.251186
754.489 0.718848 0.251186
755.444 0.718848 0.251186
756.399 0.718848 0.251186
757.354 0.718848 0.251186
758.309 0.718848 0.251186
759.264 0.718848 0.251186
760.219 0.718848 0.251186
761.174 0.718848 0.251186
762.129 0.718848 0.251186
763.084 0.718848 0.251186
764.04 0.718848 0.251186
764.995 0.718848 0.251186
765.95 0.718848 0.251186
766.905 0.718848 0.251186
767.86 0.718848 0.251186
768.815 0.718848 0.251186
769.77 0.718848 0.251186
770.725 0.718848 0.251186
771.68 0.718848 0.251186
772.635 0.718848 0.251186
773.59 0.718848 0.251186
774.545 0.718848 0.251186
775.5 0.718848 0.251186
776.455 0.718848 0.251186
777.41 0.718848 0.251186
778.365 0.718848 0.251186
779.32 0.718848 0.251186
780.275 0.718848 0.251186
781.23 0.718848 0.251186
782.185 0.718848 0.251186
783.141 0.718848 0.251186
784.096 0.718848 0.251186
785.051 0.718848 0.251186
786.006 0.718848 0.251186
786.961 0.718848 0.251186
787.916 0.718848 0.251186
788.871 0.718848 0.251186
789.826 0.718848 0.251186
790.781 0.718848 0.251186
791.736 0.718848 0.251186
792.691 0.718848 0.251186
793.646 0.718848 0.251186
794.601 0.718848 0.251186
795.556 0.718848 0.251186
796.511 0.718848 0.251186
797.466 0.718848 0.251186
798.421 0.718848 0.251186
799.376 0.718848 0.251186
800.331 0.718848 0.251186
801.286 0.718848 0.251186
802.242 0.718848 0.251186
803.197 0.718848 0.251186
804.152 0.718848 0.251186
805.107 0.718848 0.251186
806.062 0.718848 0.251186
807.017 0.718848 0.251186
807.972 0.718848 0.251186
808.927 0.718848 0.251186
809.882 0.718848 0.251186
810.837 0.718848 0.251186
811.792 0.718848 0.251186
812.747 0.718848 0.251186
813.702 0.718848 0.251186
814.657 0.718848 0.251186
815.612 0.718848 0.251186
816.567 0.718848 0.251186
817.522 0.718848 0.251186
818.477 0.718848 0.251186
819.432 0.718848 0.251186
820.387 0.718848 0.251186
821.342 0.718848 0.251186
822.298 0.718848 0.251186
823.253 0.718848 0.251186
824.208 0.718848 0.251186
825.163 0.718848 0.251186
826.118 0.718848 0.251186
827.073 0.718848 0.251186
828.028 0.718848 0.251186
828.983 0.718848 0.251186
829.938 0.718848 0.251186
830.893 0.718848 0.251186
831.848 0.718848 0.251186
832.803 0.718848 0.251186
833.758 0.718848 0.251186
834.713 0.718848 0.251186
835.668 0.718848 0.251186
836.623 0.718848 0.251186
837.578 0.718848 0.251186
838.533 0.718848 0.251186
839.488 0.718848 0.251186
840.443 0.718848 0.251186
841.399 0.718848 0.251186
842.354 0.718848 0.251186
843.309 0.718848 0.251186
844.264 0.718848 0.251186
845.219 0.718848 0.251186
846.174 0.718848 0.251186
847.129 0.718848 0.251186
848.084 0.718848 0.251186
849.039 0.718848 0.251186
849.994 0.718848 0.251186
850.949 0.718848 0.251186
851.904 0.718848 0.251186
852.859 0.718848 0.251186
853.814 0.718848 0.251186
854.769 0.718848 0.251186
855.724 0.718848 0.251186
856.679 0.718848 0.251186
857.634 0.718848 0.251186
858.589 0.718848 0.251186
859.544 0.718848 0.251186
860.5 0.718848 0.251186
861.455 0.718848 0.251186
862.41 0.718848 0.251186
863.365 0.718848 0.251186
864.32 0.718848 0.251186
865.275 0.718848 0.251186
866.23 0.718848 0.251186
867.185 0.718848 0.251186
868.14 0.718848 0.251186
869.095 0.718848 0.251186
870.05 0.718848 0.251186
871.005 0.718848 0.251186
871.96 0.718848 0.251186
872.915 0.718848 0.251186
873.87 0.718848 0.251186
874.825 0.718848 0.251186
875.78 0.718848 0.251186
876.735 0.718848 0.251186
877.69 0.718848 0.251186
878.645 0.718848 0.251186
879.601 0.718848 0.251186
880.556 0.718848 0.251186
881.511 0.718848 0.251186
882.466 0.718848 0.251186
883.421 0.718848 0.251186
884.376 0.718848 0.251186
885.331 0.718848 0.251186
886.286 0.718848 0.251186
887.241 0.718848 0.251186
888.196 0.718848 0.251186
889.151 0.718848 0.251186
890.106 0.718848 0.251186
891.061 0.718848 0.251186
892.016 0.718848 0.251186
892.971 0.718848 0.251186
893.926 0.718848 0.251186
894.881 0.718848 0.251186
895.836 0.718848 0.251186
896.791 0.718848 0.251186
897.746 0.718848 0.251186
898.701 0.718848 0.251186
899.657 0.718848 0.251186
900.612 0.718848 0.251186
901.567 0.718848 0.251186
902.522 0.718848 0.251186
903.477 0.718848 0.251186
904.432 0.718848 0.251186
905.387 0.718848 0.251186
906.342 0.718848 0.251186
907.297 0.718848 0.251186
908.252 0.718848 0.251186
909.207 0.718848 0.251186
910.162 0.718848 0.251186
911.117 0.718848 0.251186
912.072 0.718848 0.251186
913.027 0.718848 0.251186
913.982 0.718848 0.251186
914.937 0.718848 0.251186
915.892 0.718848 0.251186
916.847 0.718848 0.251186
917.802 0.718848 0.251186
918.758 0.718848 0.251186
919.713 0.718848 0.251186
920.668 0.718848 0.251186
921.623 0.718848 0.251186
922.578 0.718848 0.251186
923.533 0.718848 0.251186
924.488 0.718848 0.251186
925.443 0.718848 0.251186
926.398 0.718848 0.251186
927.353 0.718848 0.251186
928.308 0.718848 0.251186
929.263 0.718848 0.251186
930.218 0.718848 0.251186
931.173 0.718848 0.251186
932.128 0.718848 0.251186
933.083 0.718848 0.251186
934.038 0.718848 0.251186
934.993 0.718848 0.251186
935.948 0.718848 0.251186
936.903 0.718848 0.251186
937.859 0.718848 0.251186
938.814 0.718848 0.251186
939.769 0.718848 0.251186
940.724 0.718848 0.251186
941.679 0.718848 0.251186
942.634 0.718848 0.251186
943.589 0.718848 0.251186
944.544 0.718848 0.251186
945.499 0.718848 0.251186
946.454 0.718848 0.251186
947.409 0.718848 0.251186
948.364 0.718848 0.251186
949.319 0.718848 0.251186
950.274 0.718848 0.251186
951.229 0.718848 0.251186
952.184 0.718848 0.251186
953.139 0.718848 0.251186
954.094 0.718848 0.251186
955.049 0.718848 0.251186
956.004 0.718848 0.251186
956.96 0.718848 0.251186
957.915 0.718848 0.251186
958.87 0.718848 0.251186
959.825 0.718848 0.251186
960.78 0.718848 0.251186
961.735 0.718848 0.251186
962.69 0.718848 0.251186
963.645 0.718848 0.251186
964.6 0.718848 0.251186
965.555 0.718848 0.251186
966.51 0.718848 0.251186
967.465 0.718848 0.251186
968.42 0.718848 0.251186
969.375 0.718848 0.251186
970.33 0.718848 0.251186
971.285 0.718848 0.251186
972.24 0.718848 0.251186
973.195 0.718848 0.251186
974.15 0.718848 0.251186
975.105 0.718848 0.251186
976.06 0.718848 0.251186
977.016 0.718848 0.251186
977.971 0.718848 0.251186
978.926 0.718848 0.251186
979.881 0.718848 0.251186
980.836 0.718848 0.251186
981.791 0.718848 0.251186
982.746 0.718848 0.251186
983.701 0.718848 0.251186
984.656 0.718848 0.251186
985.611 0.718848 0.251186
986.566 0.718848 0.251186
987.521 0.718848 0.251186
988.476 0.718848 0.251186
989.431 0.718848 0.251186
990.386 0.718848 0.251186
991.341 0.718848 0.251186
992.296 0.718848 0.251186
993.251 0.718848 0.251186
994.206 0.718848 0.251186
995.161 0.718848 0.251186
996.117 0.718848 0.251186
997.072 0.718848 0.251186
998.027 0.718848 0.251186
998.982 0.718848 0.251186
999.937 0.718848 0.251186
1000.89 0.718848 0.251186
1001.85 0.718848 0.251186
1002.8 0.718848 0.251186
1003.76 0.718848 0.251186
1004.71 0.718848 0.251186
1005.67 0.718848 0.251186
1006.62 0.718848 0.251186
1007.58 0.718848 0.251186
1008.53 0.718848 0.251186
1009.49 0.718848 0.251186
1010.44 0.718848 0.251186
1011.4 0.718848 0.251186
1012.35 0.718848 0.251186
1013.31 0.718848 0.251186
1014.26 0.718848 0.251186
1015.22 0.718848 0.251186
1016.17 0.718848 0.251186
1017.13 0.718848 0.251186
1018.08 0.718848 0.251186
1019.04 0.718848 0.251186
1019.99 0.718848 0.251186
1020.95 0.718848 0.251186
1021.9 0.718848 0.251186
1022.86 0.718848 0.251186
1023.81 0.718848 0.251186
1024.77 0.718848 0.251186
1025.72 0.718848 0.251186
1026.68 0.718848 0.251186
1027.63 0.718848 0.251186
1028.59 0.718848 0.251186
1029.54 0.718848 0.251186
1030.5 0.718848 0.251186
1031.45 0.718848 0.251186
1032.41 0.718848 0.251186
1033.36 0.718848 0.251186
1034.32 0.718848 0.251186
1035.27 0.718848 0.251186
1036.23 0.718848 0.251186
1037.18 0.718848 0.251186
1038.14 0.718848 0.251186
1039.09 0.718848 0.251186
1040.05 0.718848 0.251186
1041 0.718848 0.251186
1041.96 0.718848 0.251186
1042.91 0.718848 0.251186
1043.87 0.718848 0.251186
1044.82 0.718848 0.251186
1045.78 0.718848 0.251186
1046.73 0.718848 0.251186
1047.69 0.718848 0.251186
1048.64 0.718848 0.251186
1049.6 0.718848 0.251186
1050.55 0.718848 0.251186
1051.51 0.718848 0.251186
1052.46 0.718848 0.251186
1053.42 0.718848 0.251186
1054.37 0.718848 0.251186
1055.33 0.718848 0.251186
1056.28 0.718848 0.251186
1057.24 0.718848 0.251186
1058.19 0.718848 0.251186
1059.15 0.718848 0.251186
1060.1 0.718848 0.251186
1061.06 0.718848 0.251186
1062.01 0.718848 0.251186
1062.97 0.718848 0.251186
1063.93 0.718848 0.251186
1064.88 0.718848 0.251186
1065.84 0.718848 0.251186
1066.79 0.718848 0.251186
1067.75 0.718848 0.251186
1068.7 0.718848 0.251186
1069.66 0.718848 0.251186
1070.61 0.718848 0.251186
1071.57 0.718848 0.251186
1072.52 0.718848 0.251186
1073.48 0.718848 0.251186
1074.43 0.718848 0.251186
1075.39 0.718848 0.251186
1076.34 0.718848 0.251186
1077.3 0.718848 0.251186
1078.25 0.718848 0.251186
1079.21 0.718848 0.251186
1080.16 0.718848 0.251186
1081.12 0.718848 0.251186
1082.07 0.718848 0.251186
1083.03 0.718848 0.251186
1083.98 0.718848 0.251186
1084.94 0.718848 0.251186
1085.89 0.718848 0.251186
1086.85 0.718848 0.251186
1087.8 0.718848 0.251186
1088.76 0.718848 0.251186
1089.71 0.718848 0.251186
1090.67 0.718848 0.251186
1091.62 0.718848 0.251186
1092.58 0.718848 0.251186
1093.53 0.718848 0.251186
1094.49 0.718848 0.251186
1095.44 0.718848 0.251186
1096.4 0.718848 0.251186
1097.35 0.718848 0.251186
1098.31 0.718848 0.251186
1099.26 0.718848 0.251186
1100.22 0.718848 0.251186
1101.17 0.718848 0.251186
1102.13 0.718848 0.251186
1103.08 0.718848 0.251186
1104.04 0.718848 0.251186
1104.99 0.718848 0.251186
1105.95 0.718848 0.251186
1106.9 0.718848 0.251186
1107.86 0.718848 0.251186
1108.81 0.718848 0.251186
1109.77 0.718848 0.251186
1110.72 0.718848 0.251186
1111.68 0.718848 0.251186
1112.63 0.718848 0.251186
1113.59 0.718848 0.251186
1114.54 0.718848 0.251186
1115.5 0.718848 0.251186
1116.45 0.718848 0.251186
1117.41 0.718848 0.251186
1118.36 0.718848 0.251186
1119.32 0.718848 0.251186
1120.27 0.718848 0.251186
1121.23 0.718848 0.251186
1122.18 0.718848 0.251186
1123.14 0.718848 0.251186
1124.09 0.718848 0.251186
1125.05 0.718848 0.251186
1126 0.718848 0.251186
1126.96 0.718848 0.251186
1127.91 0.718848 0.251186
1128.87 0.718848 0.251186
1129.82 0.718848 0.251186
1130.78 0.718848 0.251186
1131.73 0.718848 0.251186
1132.69 0.718848 0.251186
1133.64 0.718848 0.251186
1134.6 0.718848 0.251186
1135.55 0.718848 0.251186
1136.51 0.718848 0.251186
1137.46 0.718848 0.251186
1138.42 0.718848 0.251186
1139.37 0.718848 0.251186
1140.33 0.718848 0.251186
1141.28 0.718848 0.251186
1142.24 0.718848 0.251186
1143.19 0.718848 0.251186
1144.15 0.718848 0.251186
1145.1 0.718848 0.251186
1146.06 0.718848 0.251186
1147.01 0.718848 0.251186
1147.97 0.718848 0.251186
1148.92 0.718848 0.251186
1149.88 0.718848 0.251186
1150.83 0.718848 0.251186
1151.79 0.718848 0.251186
1152.74 0.718848 0.251186
1153.7 0.718848 0.251186
1154.65 0.718848 0.251186
1155.61 0.718848 0.251186
1156.56 0.718848 0.251186
1157.52 0.718848 0.251186
1158.47 0.718848 0.251186
1159.43 0.718848 0.251186
1160.39 0.718848 0.251186
1161.34 0.718848 0.251186
1162.3 0.718848 0.251186
1163.25 0.718848 0.251186
1164.21 0.718848 0.251186
1165.16 0.718848 0.251186
1166.12 0.718848 0.251186
1167.07 0.718848 0.251186
1168.03 0.718848 0.251186
1168.98 0.718848 0.251186
1169.94 0.718848 0.251186
1170.89 0.718848 0.251186
1171.85 0.718848 0.251186
1172.8 0.718848 0.251186
1173.76 0.718848 0.251186
1174.71 0.718848 0.251186
1175.67 0.718848 0.251186
1176.62 0.718848 0.251186
1177.58 0.718848 0.251186
1178.53 0.718848 0.251186
1179.49 0.718848 0.251186
1180.44 0.718848 0.251186
1181.4 0.718848 0.251186
1182.35 0.718848 0.251186
1183.31 0.718848 0.251186
1184.26 0.718848 0.251186
1185.22 0.718848 0.251186
1186.17 0.718848 0.251186
1187.13 0.718848 0.251186
1188.08 0.718848 0.251186
1189.04 0.718848 0.251186
1189.99 0.718848 0.251186
1190.95 0.718848 0.251186
1191.9 0.718848 0.251186
1192.86 0.718848 0.251186
1193.81 0.718848 0.251186
1194.77 0.718848 0.251186
1195.72 0.718848 0.251186
1196.68 0.718848 0.251186
1197.63 0.718848 0.251186
1198.59 0.718848 0.251186
1199.54 0.718848 0.251186
1200.5 0.718848 0.251186
1201.45 0.718848 0.251186
1202.41 0.718848 0.251186
1203.36 0.718848 0.251186
1204.32 0.718848 0.251186
1205.27 0.718848 0.251186
1206.23 0.718848 0.251186
1207.18 0.718848 0.251186
1208.14 0.718848 0.251186
1209.09 0.718848 0.251186
1210.05 0.718848 0.251186
1211 0.718848 0.251186
1211.96 0.718848 0.251186
1212.91 0.718848 0.251186
1213.87 0.718848 0.251186
1214.82 0.718848 0.251186
1215.78 0.718848 0.251186
1216.73 0.718848 0.251186
1217.69 0.718848 0.251186
1218.64 0.718848 0.251186
1219.6 0.718848 0.251186
1220.55 0.718848 0.251186
1221.51 0.718848 0.251186
1222.46 0.718848 0.251186
1223.42 0.718848 0.251186
1224.37 0.718848 0.251186
1225.33 0.718848 0.251186
1226.28 0.718848 0.251186
1227.24 0.718848 0.251186
1228.19 0.718848 0.251186
1229.15 0.718848 0.251186
1230.1 0.718848 0.251186
1231.06 0.718848 0.251186
1232.01 0.718848 0.251186
1232.97 0.718848 0.251186
1233.92 0.718848 0.251186
1234.88 0.718848 0.251186
1235.83 0.718848 0.251186
1236.79 0.718848 0.251186
1237.74 0.718848 0.251186
1238.7 0.718848 0.251186
1239.65 0.718848 0.251186
1240.61 0.718848 0.251186
1241.56 0.718848 0.251186
1242.52 0.718848 0.251186
1243.47 0.718848 0.251186
1244.43 0.718848 0.251186
1245.38 0.718848 0.251186
1246.34 0.718848 0.251186
1247.29 0.718848 0.251186
1248.25 0.718848 0.251186
1249.2 0.718848 0.251186
1250.16 0.718848 0.251186
1251.11 0.718848 0.251186
1252.07 0.718848 0.251186
1253.02 0.718848 0.251186
1253.98 0.718848 0.251186
1254.93 0.718848 0.251186
1255.89 0.718848 0.251186
1256.85 0.718848 0.251186
1257.8 0.718848 0.251186
1258.76 0.718848 0.251186
1259.71 0.718848 0.251186
1260.67 0.718848 0.251186
1261.62 0.718848 0.251186
1262.58 0.718848 0.251186
1263.53 0.718848 0.251186
1264.49 0.718848 0.251186
1265.44 0.718848 0.251186
1266.4 0.718848 0.251186
1267.35 0.718848 0.251186
1268.31 0.718848 0.251186
1269.26 0.718848 0.251186
1270.22 0.718848 0.251186
1271.17 0.718848 0.251186
1272.13 0.718848 0.251186
1273.08 0.718848 0.251186
1274.04 0.718848 0.251186
1274.99 0.718848 0.251186
1275.95 0.718848 0.251186
1276.9 0.718848 0.251186
1277.86 0.718848 0.251186
1278.81 0.718848 0.251186
1279.77 0.718848 0.251186
1280.72 0.718848 0.251186
1281.68 0.718848 0.251186
1282.63 0.718848 0.251186
1283.59 0.718848 0.251186
1284.54 0.718848 0.251186
1285.5 0.718848 0.251186
1286.45 0.718848 0.251186
1287.41 0.718848 0.251186
1288.36 0.718848 0.251186
1289.32 0.718848 0.251186
1290.27 0.718848 0.251186
1291.23 0.718848 0.251186
1292.18 0.718848 0.251186
1293.14 0.718848 0.251186
1294.09 0.718848 0.251186
1295.05 0.718848 0.251186
1296 0.718848 0.251186
1296.96 0.718848 0.251186
1297.91 0.718848 0.251186
1298.87 0.718848 0.251186
1299.82 0.718848 0.251186
1300.78 0.718848 0.251186
1301.73 0.718848 0.251186
1302.69 0.718848 0.251186
1303.64 0.718848 0.251186
1304.6 0.718848 0.251186
1305.55 0.718848 0.251186
1306.51 0.718848 0.251186
1307.46 0.718848 0.251186
1308.42 0.718848 0.251186
1309.37 0.718848 0.251186
1310.33 0.718848 0.251186
1311.28 0.718848 0.251186
1312.24 0.718848 0.251186
1313.19 0.718848 0.251186
1314.15 0.718848 0.251186
1315.1 0.718848 0.251186
1316.06 0.718848 0.251186
1317.01 0.718848 0.251186
1317.97 0.718848 0.251186
1318.92 0.718848 0.251186
1319.88 0.718848 0.251186
1320.83 0.718848 0.251186
1321.79 0.718848 0.251186
1322.74 0.718848 0.251186
1323.7 0.718848 0.251186
1324.65 0.718848 0.251186
1325.61 0.718848 0.251186
1326.56 0.718848 0.251186
1327.52 0.718848 0.251186
1328.47 0.718848 0.251186
1329.43 0.718848 0.251186
1330.38 0.718848 0.251186
1331.34 0.718848 0.251186
1332.29 0.718848 0.251186
1333.25 0.718848 0.251186
1334.2 0.718848 0.251186
1335.16 0.718848 0.251186
1336.11 0.718848 0.251186
1337.07 0.718848 0.251186
1338.02 0.718848 0.251186
1338.98 0.718848 0.251186
1339.93 0.718848 0.251186
1340.89 0.718848 0.251186
1341.84 0.718848 0.251186
1342.8 0.718848 0.251186
1343.75 0.718848 0.251186
1344.71 0.718848 0.251186
1345.66 0.718848 0.251186
1346.62 0.718848 0.251186
1347.57 0.718848 0.251186
1348.53 0.718848 0.251186
1349.48 0.718848 0.251186
1350.44 0.718848 0.251186
1351.39 0.718848 0.251186
1352.35 0.718848 0.251186
1353.31 0.718848 0.251186
1354.26 0.718848 0.251186
1355.22 0.718848 0.251186
1356.17 0.718848 0.251186
1357.13 0.718848 0.251186
1358.08 0.718848 0.251186
1359.04 0.718848 0.251186
1359.99 0.718848 0.251186
1360.95 0.718848 0.251186
1361.9 0.718848 0.251186
1362.86 0.718848 0.251186
1363.81 0.718848 0.251186
1364.77 0.718848 0.251186
1365.72 0.718848 0.251186
1366.68 0.718848 0.251186
1367.63 0.718848 0.251186
1368.59 0.718848 0.251186
1369.54 0.718848 0.251186
1370.5 0.718848 0.251186
1371.45 0.718848 0.251186
1372.41 0.718848 0.251186
1373.36 0.718848 0.251186
1374.32 0.718848 0.251186
1375.27 0.718848 0.251186
1376.23 0.718848 0.251186
1377.18 0.718848 0.251186
1378.14 0.718848 0.251186
1379.09 0.718848 0.251186
1380.05 0.718848 0.251186
1381 0.718848 0.251186
1381.96 0.718848 0.251186
1382.91 0.718848 0.251186
1383.87 0.718848 0.251186
1384.82 0.718848 0.251186
1385.78 0.718848 0.251186
1386.73 0.718848 0.251186
1387.69 0.718848 0.251186
1388.64 0.718848 0.251186
1389.6 0.718848 0.251186
1390.55 0.718848 0.251186
1391.51 0.718848 0.251186
1392.46 0.718848 0.251186
1393.42 0.718848 0.251186
1394.37 0.718848 0.251186
1395.33 0.718848 0.251186
1396.28 0.718848 0.251186
1397.24 0.718848 0.251186
1398.19 0.718848 0.251186
1399.15 0.718848 0.251186
1400.1 0.718848 0.251186
1401.06 0.718848 0.251186
1402.01 0.718848 0.251186
1402.97 0.718848 0.251186
1403.92 0.718848 0.251186
1404.88 0.718848 0.251186
1405.83 0.718848 0.251186
1406.79 0.718848 0.251186
1407.74 0.718848 0.251186
1408.7 0.718848 0.251186
1409.65 0.718848 0.251186
1410.61 0.718848 0.251186
1411.56 0.718848 0.251186
1412.52 0.718848 0.251186
1413.47 0.718848 0.251186
1414.43 0.718848 0.251186
1415.38 0.718848 0.251186
1416.34 0.718848 0.251186
1417.29 0.718848 0.251186
1418.25 0.718848 0.251186
1419.2 0.718848 0.251186
1420.16 0.718848 0.251186
1421.11 0.718848 0.251186
1422.07 0.718848 0.251186
1423.02 0.718848 0.251186
1423.98 0.718848 0.251186
1424.93 0.718848 0.251186
1425.89 0.718848 0.251186
1426.84 0.718848 0.251186
1427.8 0.718848 0.251186
1428.75 0.718848 0.251186
1429.71 0.718848 0.251186
1430.66 0.718848 0.251186
1431.62 0.718848 0.251186
1432.57 0.718848 0.251186
1433.53 0.718848 0.251186
1434.48 0.718848 0.251186
1435.44 0.718848 0.251186
1436.39 0.718848 0.251186
1437.35 0.718848 0.251186
1438.3 0.718848 0.251186
1439.26 0.718848 0.251186
1440.21 0.718848 0.251186
1441.17 0.718848 0.251186
1442.12 0.718848 0.251186
1443.08 0.718848 0.251186
1444.03 0.718848 0.251186
1444.99 0.718848 0.251186
1445.94 0.718848 0.251186
1446.9 0.718848 0.251186
1447.85 0.718848 0.251186
1448.81 0.718848 0.251186
1449.76 0.718848 0.251186
1450.72 0.718848 0.251186
1451.68 0.718848 0.251186
1452.63 0.718848 0.251186
1453.59 0.718848 0.251186
1454.54 0.718848 0.251186
1455.5 0.718848 0.251186
1456.45 0.718848 0.251186
1457.41 0.718848 0.251186
1458.36 0.718848 0.251186
1459.32 0.718848 0.251186
1460.27 0.718848 0.251186
1461.23 0.718848 0.251186
1462.18 0.718848 0.251186
1463.14 0.718848 0.251186
1464.09 0.718848 0.251186
1465.05 0.718848 0.251186
1466 0.718848 0.251186
1466.96 0.718848 0.251186
1467.91 0.718848 0.251186
1468.87 0.718848 0.251186
1469.82 0.718848 0.251186
1470.78 0.718848 0.251186
1471.73 0.718848 0.251186
1472.69 0.718848 0.251186
1473.64 0.718848 0.251186
1474.6 0.718848 0.251186
1475.55 0.718848 0.251186
1476.51 0.718848 0.251186
1477.46 0.718848 0.251186
1478.42 0.718848 0.251186
1479.37 0.718848 0.251186
1480.33 0.718848 0.251186
1481.28 0.718848 0.251186
1482.24 0.718848 0.251186
1483.19 0.718848 0.251186
1484.15 0.718848 0.251186
1485.1 0.718848 0.251186
1486.06 0.718848 0.251186
1487.01 0.718848 0.251186
1487.97 0.718848 0.251186
1488.92 0.718848 0.251186
1489.88 0.718848 0.251186
1490.83 0.718848 0.251186
1491.79 0.718848 0.251186
1492.74 0.718848 0.251186
1493.7 0.718848 0.251186
1494.65 0.718848 0.251186
1495.61 0.718848 0.251186
1496.56 0.718848 0.251186
1497.52 0.718848 0.251186
1498.47 0.718848 0.251186
1499.43 0.718848 0.251186
1500.38 0.718848 0.251186
1501.34 0.718848 0.251186
1502.29 0.718848 0.251186
1503.25 0.718848 0.251186
1504.2 0.718848 0.251186
1505.16 0.718848 0.251186
1506.11 0.718848 0.251186
1507.07 0.718848 0.251186
1508.02 0.718848 0.251186
1508.98 0.718848 0.251186
1509.93 0.718848 0.251186
1510.89 0.718848 0.251186
1511.84 0.718848 0.251186
1512.8 0.718848 0.251186
1513.75 0.718848 0.251186
1514.71 0.718848 0.251186
1515.66 0.718848 0.251186
1516.62 0.718848 0.251186
1517.57 0.718848 0.251186
1518.53 0.718848 0.251186
1519.48 0.718848 0.251186
1520.44 0.718848 0.251186
1521.39 0.718848 0.251186
1522.35 0.718848 0.251186
1523.3 0.718848 0.251186
1524.26 0.718848 0.251186
1525.21 0.718848 0.251186
1526.17 0.718848 0.251186
1527.12 0.718848 0.251186
1528.08 0.718848 0.251186
1529.03 0.718848 0.251186
1529.99 0.718848 0.251186
1530.94 0.718848 0.251186
1531.9 0.718848 0.251186
1532.85 0.718848 0.251186
1533.81 0.718848 0.251186
1534.76 0.718848 0.251186
1535.72 0.718848 0.251186
1536.67 0.718848 0.251186
1537.63 0.718848 0.251186
1538.58 0.718848 0.251186
1539.54 0.718848 0.251186
1540.49 0.718848 0.251186
1541.45 0.718848 0.251186
1542.4 0.718848 0.251186
1543.36 0.718848 0.251186
1544.31 0.718848 0.251186
1545.27 0.718848 0.251186
1546.22 0.718848 0.251186
1547.18 0.718848 0.251186
1548.14 0.718848 0.251186
1549.09 0.718848 0.251186
1550.05 0.718848 0.251186
1551 0.718848 0.251186
1551.96 0.718848 0.251186
1552.91 0.718848 0.251186
1553.87 0.718848 0.251186
1554.82 0.718848 0.251186
1555.78 0.718848 0.251186
1556.73 0.718848 0.251186
1557.69 0.718848 0.251186
1558.64 0.718848 0.251186
1559.6 0.718848 0.251186
1560.55 0.718848 0.251186
1561.51 0.718848 0.251186
1562.46 0.718848 0.251186
1563.42 0.718848 0.251186
1564.37 0.718848 0.251186
1565.33 0.718848 0.251186
1566.28 0.718848 0.251186
1567.24 0.718848 0.251186
1568.19 0.718848 0.251186
1569.15 0.718848 0.251186
1570.1 0.718848 0.251186
1571.06 0.718848 0.251186
1572.01 0.718848 0.251186
1572.97 0.718848 0.251186
1573.92 0.718848 0.251186
1574.88 0.718848 0.251186
1575.83 0.718848 0.251186
1576.79 0.718848 0.251186
1577.74 0.718848 0.251186
1578.7 0.718848 0.251186
1579.65 0.718848 0.251186
1580.61 0.718848 0.251186
1581.56 0.718848 0.251186
1582.52 0.718848 0.251186
1583.47 0.718848 0.251186
1584.43 0.718848 0.251186
1585.38 0.718848 0.251186
1586.34 0.718848 0.251186
1587.29 0.718848 0.251186
1588.25 0.718848 0.251186
1589.2 0.718848 0.251186
1590.16 0.718848 0.251186
1591.11 0.718848 0.251186
1592.07 0.718848 0.251186
1593.02 0.718848 0.251186
1593.98 0.718848 0.251186
1594.93 0.718848 0.251186
1595.89 0.718848 0.251186
1596.84 0.718848 0.251186
1597.8 0.718848 0.251186
1598.75 0.718848 0.251186
1599.71 0.718848 0.251186
1600.66 0.718848 0.251186
1601.62 0.718848 0.251186
1602.57 0.718848 0.251186
1603.53 0.718848 0.251186
1604.48 0.718848 0.251186
1605.44 0.718848 0.251186
1606.39 0.718848 0.251186
1607.35 0.718848 0.251186
1608.3 0.718848 0.251186
1609.26 0.718848 0.251186
1610.21 0.718848 0.251186
1611.17 0.718848 0.251186
1612.12 0.718848 0.251186
1613.08 0.718848 0.251186
1614.03 0.718848 0.251186
1614.99 0.718848 0.251186
1615.94 0.718848 0.251186
1616.9 0.718848 0.251186
1617.85 0.718848 0.251186
1618.81 0.718848 0.251186
1619.76 0.718848 0.251186
1620.72 0.718848 0.251186
1621.67 0.718848 0.251186
1622.63 0.718848 0.251186
1623.58 0.718848 0.251186
1624.54 0.718848 0.251186
1625.49 0.718848 0.251186
1626.45 0.718848 0.251186
1627.4 0.718848 0.251186
1628.36 0.718848 0.251186
1629.31 0.718848 0.251186
1630.27 0.718848 0.251186
1631.22 0.718848 0.251186
1632.18 0.718848 0.251186
1633.13 0.718848 0.251186
1634.09 0.718848 0.251186
1635.04 0.718848 0.251186
1636 0.718848 0.251186
1636.95 0.718848 0.251186
1637.91 0.718848 0.251186
1638.86 0.718848 0.251186
1639.82 0.718848 0.251186
1640.77 0.718848 0.251186
1641.73 0.718848 0.251186
1642.68 0.718848 0.251186
1643.64 0.718848 0.251186
1644.6 0.718848 0.251186
1645.55 0.718848 0.251186
1646.51 0.718848 0.251186
1647.46 0.718848 0.251186
1648.42 0.718848 0.251186
1649.37 0.718848 0.251186
1650.33 0.718848 0.251186
1651.28 0.718848 0.251186
1652.24 0.718848 0.251186
1653.19 0.718848 0.251186
1654.15 0.718848 0.251186
1655.1 0.718848 0.251186
1656.06 0.718848 0.251186
1657.01 0.718848 0.251186
1657.97 0.718848 0.251186
1658.92 0.718848 0.251186
1659.88 0.718848 0.251186
1660.83 0.718848 0.251186
1661.79 0.718848 0.251186
1662.74 0.718848 0.251186
1663.7 0.718848 0.251186
1664.65 0.718848 0.251186
1665.61 0.718848 0.251186
1666.56 0.718848 0.251186
1667.52 0.718848 0.251186
1668.47 0.718848 0.251186
1669.43 0.718848 0.251186
1670.38 0.718848 0.251186
1671.34 0.718848 0.251186
1672.29 0.718848 0.251186
1673.25 0.718848 0.251186
1674.2 0.718848 0.251186
1675.16 0.718848 0.251186
1676.11 0.718848 0.251186
1677.07 0.718848 0.251186
1678.02 0.718848 0.251186
1678.98 0.718848 0.251186
1679.93 0.718848 0.251186
1680.89 0.718848 0.251186
1681.84 0.718848 0.251186
1682.8 0.718848 0.251186
1683.75 0.718848 0.251186
1684.71 0.718848 0.251186
1685.66 0.718848 0.251186
1686.62 0.718848 0.251186
1687.57 0.718848 0.251186
1688.53 0.718848 0.251186
1689.48 0.718848 0.251186
1690.44 0.718848 0.251186
1691.39 0.718848 0.251186
1692.35 0.718848 0.251186
1693.3 0.718848 0.251186
1694.26 0.718848 0.251186
1695.21 0.718848 0.251186
1696.17 0.718848 0.251186
1697.12 0.718848 0.251186
1698.08 0.718848 0.251186
1699.03 0.718848 0.251186
1699.99 0.718848 0.251186
1700.94 0.718848 0.251186
1701.9 0.718848 0.251186
1702.85 0.718848 0.251186
1703.81 0.718848 0.251186
1704.76 0.718848 0.251186
1705.72 0.718848 0.251186
1706.67 0.718848 0.251186
1707.63 0.718848 0.251186
1708.58 0.718848 0.251186
1709.54 0.718848 0.251186
1710.49 0.718848 0.251186
1711.45 0.718848 0.251186
1712.4 0.718848 0.251186
1713.36 0.718848 0.251186
1714.31 0.718848 0.251186
1715.27 0.718848 0.251186
1716.22 0.718848 0.251186
1717.18 0.718848 0.251186
1718.13 0.718848 0.251186
1719.09 0.718848 0.251186
1720.04 0.718848 0.251186
1721 0.718848 0.251186
1721.95 0.718848 0.251186
1722.91 0.718848 0.251186
1723.86 0.718848 0.251186
1724.82 0.718848 0.251186
1725.77 0.718848 0.251186
1726.73 0.718848 0.251186
1727.68 0.718848 0.251186
1728.64 0.718848 0.251186
1729.59 0.718848 0.251186
1730.55 0.718848 0.251186
1731.5 0.718848 0.251186
1732.46 0.718848 0.251186
1733.41 0.718848 0.251186
1734.37 0.718848 0.251186
1735.32 0.718848 0.251186
1736.28 0.718848 0.251186
1737.23 0.718848 0.251186
1738.19 0.718848 0.251186
1739.14 0.718848 0.251186
1740.1 0.718848 0.251186
1741.06 0.718848 0.251186
1742.01 0.718848 0.251186
1742.97 0.718848 0.251186
1743.92 0.718848 0.251186
1744.88 0.718848 0.251186
1745.83 0.718848 0.251186
1746.79 0.718848 0.251186
1747.74 0.718848 0.251186
1748.7 0.718848 0.251186
1749.65 0.718848 0.251186
1750.61 0.718848 0.251186
1751.56 0.718848 0.251186
1752.52 0.718848 0.251186
1753.47 0.718848 0.251186
1754.43 0.718848 0.251186
1755.38 0.718848 0.251186
1756.34 0.718848 0.251186
1757.29 0.718848 0.251186
1758.25 0.718848 0.251186
1759.2 0.718848 0.251186
1760.16 0.718848 0.251186
1761.11 0.718848 0.251186
1762.07 0.718848 0.251186
1763.02 0.718848 0.251186
1763.98 0.718848 0.251186
1764.93 0.718848 0.251186
1765.89 0.718848 0.251186
1766.84 0.718848 0.251186
1767.8 0.718848 0.251186
1768.75 0.718848 0.251186
1769.71 0.718848 0.251186
1770.66 0.718848 0.251186
1771.62 0.718848 0.251186
1772.57 0.718848 0.251186
1773.53 0.718848 0.251186
1774.48 0.718848 0.251186
1775.44 0.718848 0.251186
1776.39 0.718848 0.251186
1777.35 0.718848 0.251186
1778.3 0.718848 0.251186
1779.26 0.718848 0.251186
1780.21 0.718848 0.251186
1781.17 0.718848 0.251186
1782.12 0.718848 0.251186
1783.08 0.718848 0.251186
1784.03 0.718848 0.251186
1784.99 0.718848 0.251186
1785.94 0.718848 0.251186
1786.9 0.718848 0.251186
1787.85 0.718848 0.251186
1788.81 0.718848 0.251186
1789.76 0.718848 0.251186
1790.72 0.718848 0.251186
1791.67 0.718848 0.251186
1792.63 0.718848 0.251186
1793.58 0.718848 0.251186
1794.54 0.718848 0.251186
1795.49 0.718848 0.251186
1796.45 0.718848 0.251186
1797.4 0.718848 0.251186
1798.36 0.718848 0.251186
1799.31 0.718848 0.251186
1800.27 0.718848 0.251186
1801.22 0.718848 0.251186
1802.18 0.718848 0.251186
1803.13 0.718848 0.251186
1804.09 0.718848 0.251186
1805.04 0.718848 0.251186
1806 0.718848 0.251186
1806.95 0.718848 0.251186
1807.91 0.718848 0.251186
1808.86 0.718848 0.251186
1809.82 0.718848 0.251186
1810.77 0.718848 0.251186
1811.73 0.718848 0.251186
1812.68 0.718848 0.251186
1813.64 0.718848 0.251186
1814.59 0.718848 0.251186
1815.55 0.718848 0.251186
1816.5 0.718848 0.251186
1817.46 0.718848 0.251186
1818.41 0.718848 0.251186
1819.37 0.718848 0.251186
1820.32 0.718848 0.251186
1821.28 0.718848 0.251186
1822.23 0.718848 0.251186
1823.19 0.718848 0.251186
1824.14 0.718848 0.251186
1825.1 0.718848 0.251186
1826.05 0.718848 0.251186
1827.01 0.718848 0.251186
1827.96 0.718848 0.251186
1828.92 0.718848 0.251186
1829.87 0.718848 0.251186
1830.83 0.718848 0.251186
1831.78 0.718848 0.251186
1832.74 0.718848 0.251186
1833.69 0.718848 0.251186
1834.65 0.718848 0.251186
1835.6 0.718848 0.251186
1836.56 0.718848 0.251186
1837.52 0.718848 0.251186
1838.47 0.718848 0.251186
1839.43 0.718848 0.251186
1840.38 0.718848 0.251186
1841.34 0.718848 0.251186
1842.29 0.718848 0.251186
1843.25 0.718848 0.251186
1844.2 0.718848 0.251186
1845.16 0.718848 0.251186
1846.11 0.718848 0.251186
1847.07 0.718848 0.251186
1848.02 0.718848 0.251186
1848.98 0.718848 0.251186
1849.93 0.718848 0.251186
1850.89 0.718848 0.251186
1851.84 0.718848 0.251186
1852.8 0.718848 0.251186
1853.75 0.718848 0.251186
1854.71 0.718848 0.251186
1855.66 0.718848 0.251186
1856.62 0.718848 0.251186
1857.57 0.718848 0.251186
1858.53 0.718848 0.251186
1859.48 0.718848 0.251186
1860.44 0.718848 0.251186
1861.39 0.718848 0.251186
1862.35 0.718848 0.251186
1863.3 0.718848 0.251186
1864.26 0.718848 0.251186
1865.21 0.718848 0.251186
1866.17 0.718848 0.251186
1867.12 0.718848 0.251186
1868.08 0.718848 0.251186
1869.03 0.718848 0.251186
1869.99 0.718848 0.251186
1870.94 0.718848 0.251186
1871.9 0.718848 0.251186
1872.85 0.718848 0.251186
1873.81 0.718848 0.251186
1874.76 0.718848 0.251186
1875.72 0.718848 0.251186
1876.67 0.718848 0.251186
1877.63 0.718848 0.251186
1878.58 0.718848 0.251186
1879.54 0.718848 0.251186
1880.49 0.718848 0.251186
1881.45 0.718848 0.251186
1882.4 0.718848 0.251186
1883.36 0.718848 0.251186
1884.31 0.718848 0.251186
1885.27 0.718848 0.251186
1886.22 0.718848 0.251186
1887.18 0.718848 0.251186
1888.13 0.718848 0.251186
1889.09 0.718848 0.251186
1890.04 0.718848 0.251186
1891 0.718848 0.251186
1891.95 0.718848 0.251186
1892.91 0.718848 0.251186
1893.86 0.718848 0.251186
1894.82 0.718848 0.251186
1895.77 0.718848 0.251186
1896.73 0.718848 0.251186
1897.68 0.718848 0.251186
1898.64 0.718848 0.251186
1899.59 0.718848 0.251186
1900.55 0.718848 0.251186
1901.5 0.718848 0.251186
1902.46 0.718848 0.251186
1903.41 0.718848 0.251186
1904.37 0.718848 0.251186
1905.32 0.718848 0.251186
1906.28 0.718848 0.251186
1907.23 0.718848 0.251186
1908.19 0.718848 0.251186
1909.14 0.718848 0.251186
1910.1 0.718848 0.251186
1911.05 0.718848 0.251186
1912.01 0.718848 0.251186
1912.96 0.718848 0.251186
1913.92 0.718848 0.251186
1914.87 0.718848 0.251186
1915.83 0.718848 0.251186
1916.78 0.718848 0.251186
1917.74 0.718848 0.251186
1918.69 0.718848 0.251186
1919.65 0.718848 0.251186
1920.6 0.718848 0.251186
1921.56 0.718848 0.251186
1922.51 0.718848 0.251186
1923.47 0.718848 0.251186
1924.42 0.718848 0.251186
1925.38 0.718848 0.251186
1926.33 0.718848 0.251186
1927.29 0.718848 0.251186
1928.24 0.718848 0.251186
1929.2 0.718848 0.251186
1930.15 0.718848 0.251186
1931.11 0.718848 0.251186
1932.06 0.718848 0.251186
1933.02 0.718848 0.251186
1933.98 0.718848 0.251186
1934.93 0.718848 0.251186
1935.89 0.718848 0.251186
1936.84 0.718848 0.251186
1937.8 0.718848 0.251186
1938.75 0.718848 0.251186
1939.71 0.718848 0.251186
1940.66 0.718848 0.251186
1941.62 0.718848 0.251186
1942.57 0.718848 0.251186
1943.53 0.718848 0.251186
1944.48 0.718848 0.251186
1945.44 0.718848 0.251186
1946.39 0.718848 0.251186
1947.35 0.718848 0.251186
1948.3 0.718848 0.251186
1949.26 0.718848 0.251186
1950.21 0.718848 0.251186
1951.17 0.718848 0.251186
1952.12 0.718848 0.251186
1953.08 0.718848 0.251186
1954.03 0.718848 0.251186
1954.99 0.718848 0.251186
1955.94 0.718848 0.251186
1956.9 0.718848 0.251186
1957.85 0.718848 0.251186
1958.81 0.718848 0.251186
1959.76 0.718848 0.251186
1960.72 0.718848 0.251186
1961.67 0.718848 0.251186
1962.63 0.718848 0.251186
1963.58 0.718848 0.251186
1964.54 0.718848 0.251186
1965.49 0.718848 0.251186
1966.45 0.718848 0.251186
1967.4 0.718848 0.251186
1968.36 0.718848 0.251186
1969.31 0.718848 0.251186
1970.27 0.718848 0.251186
1971.22 0.718848 0.251186
1972.18 0.718848 0.251186
1973.13 0.718848 0.251186
1974.09 0.718848 0.251186
1975.04 0.718848 0.251186
1976 0.718848 0.251186
1976.95 0.718848 0.251186
1977.91 0.718848 0.251186
1978.86 0.718848 0.251186
1979.82 0.718848 0.251186
1980.77 0.718848 0.251186
1981.73 0.718848 0.251186
1982.68 0.718848 0.251186
1983.64 0.718848 0.251186
1984.59 0.718848 0.251186
1985.55 0.718848 0.251186
1986.5 0.718848 0.251186
1987.46 0.718848 0.251186
1988.41 0.718848 0.251186
1989.37 0.718848 0.251186
1990.32 0.718848 0.251186
1991.28 0.718848 0.251186
1992.23 0.718848 0.251186
1993.19 0.718848 0.251186
1994.14 0.718848 0.251186
1995.1 0.718848 0.251186
1996.05 0.718848 0.251186
1997.01 0.718848 0.251186
1997.96 0.718848 0.251186
1998.92 0.718848 0.251186
1999.87 0.718848 0.251186
2000.83 0.718848 0.251186
2001.78 0.718848 0.251186
2002.74 0.718848 0.251186
2003.69 0.718848 0.251186
2004.65 0.718848 0.251186
2005.6 0.718848 0.251186
2006.56 0.718848 0.251186
2007.51 0.718848 0.251186
2008.47 0.718848 0.251186
2009.42 0.718848 0.251186
2010.38 0.718848 0.251186
2011.33 0.718848 0.251186
2012.29 0.718848 0.251186
2013.24 0.718848 0.251186
2014.2 0.718848 0.251186
2015.15 0.718848 0.251186
2016.11 0.718848 0.251186
2017.06 0.718848 0.251186
2018.02 0.718848 0.251186
2018.97 0.718848 0.251186
2019.93 0.718848 0.251186
2020.88 0.718848 0.251186
2021.84 0.718848 0.251186
2022.79 0.718848 0.251186
2023.75 0.718848 0.251186
2024.7 0.718848 0.251186
2025.66 0.718848 0.251186
2026.61 0.718848 0.251186
2027.57 0.718848 0.251186
2028.52 0.718848 0.251186
2029.48 0.718848 0.251186
2030.44 0.718848 0.251186
2031.39 0.718848 0.251186
2032.35 0.718848 0.251186
2033.3 0.718848 0.251186
2034.26 0.718848 0.251186
2035.21 0.718848 0.251186
2036.17 0.718848 0.251186
2037.12 0.718848 0.251186
2038.08 0.718848 0.251186
2039.03 0.718848 0.251186
2039.99 0.718848 0.251186
2040.94 0.718848 0.251186
2041.9 0.718848 0.251186
2042.85 0.718848 0.251186
2043.81 0.718848 0.251186
2044.76 0.718848 0.251186
2045.72 0.718848 0.251186
2046.67 0.718848 0.251186
2047.63 0.718848 0.251186
2048.58 0.718848 0.251186
2049.54 0.718848 0.251186
2050.49 0.718848 0.251186
2051.45 0.718848 0.251186
2052.4 0.718848 0.251186
2053.36 0.718848 0.251186
2054.31 0.718848 0.251186
2055.27 0.718848 0.251186
2056.22 0.718848 0.251186
2057.18 0.718848 0.251186
2058.13 0.718848 0.251186
2059.09 0.718848 0.251186
2060.04 0.718848 0.251186
2061 0.718848 0.251186
2061.95 0.718848 0.251186
2062.91 0.718848 0.251186
2063.86 0.718848 0.251186
2064.82 0.718848 0.251186
2065.77 0.718848 0.251186
2066.73 0.718848 0.251186
2067.68 0.718848 0.251186
2068.64 0.718848 0.251186
2069.59 0.718848 0.251186
2070.55 0.718848 0.251186
2071.5 0.718848 0.251186
2072.46 0.718848 0.251186
2073.41 0.718848 0.251186
2074.37 0.718848 0.251186
2075.32 0.718848 0.251186
2076.28 0.718848 0.251186
2077.23 0.718848 0.251186
2078.19 0.718848 0.251186
2079.14 0.718848 0.251186
2080.1 0.718848 0.251186
2081.05 0.718848 0.251186
2082.01 0.718848 0.251186
2082.96 0.718848 0.251186
2083.92 0.718848 0.251186
2084.87 0.718848 0.251186
2085.83 0.718848 0.251186
2086.78 0.718848 0.251186
2087.74 0.718848 0.251186
2088.69 0.718848 0.251186
2089.65 0.718848 0.251186
2090.6 0.718848 0.251186
2091.56 0.718848 0.251186
2092.51 0.718848 0.251186
2093.47 0.718848 0.251186
2094.42 0.718848 0.251186
2095.38 0.718848 0.251186
2096.33 0.718848 0.251186
2097.29 0.718848 0.251186
2098.24 0.718848 0.251186
2099.2 0.718848 0.251186
2100.15 0.718848 0.251186
2101.11 0.718848 0.251186
2102.06 0.718848 0.251186
2103.02 0.718848 0.251186
2103.97 0.718848 0.251186
2104.93 0.718848 0.251186
2105.88 0.718848 0.251186
2106.84 0.718848 0.251186
2107.79 0.718848 0.251186
2108.75 0.718848 0.251186
2109.7 0.718848 0.251186
2110.66 0.718848 0.251186
2111.61 0.718848 0.251186
2112.57 0.718848 0.251186
2113.52 0.718848 0.251186
2114.48 0.718848 0.251186
2115.43 0.718848 0.251186
2116.39 0.718848 0.251186
2117.34 0.718848 0.251186
2118.3 0.718848 0.251186
2119.25 0.718848 0.251186
2120.21 0.718848 0.251186
2121.16 0.718848 0.251186
2122.12 0.718848 0.251186
2123.07 0.718848 0.251186
2124.03 0.718848 0.251186
2124.98 0.718848 0.251186
2125.94 0.718848 0.251186
2126.9 0.718848 0.251186
2127.85 0.718848 0.251186
2128.81 0.718848 0.251186
2129.76 0.718848 0.251186
2130.72 0.718848 0.251186
2131.67 0.718848 0.251186
2132.63 0.718848 0.251186
2133.58 0.718848 0.251186
2134.54 0.718848 0.251186
2135.49 0.718848 0.251186
2136.45 0.718848 0.251186
2137.4 0.718848 0.251186
2138.36 0.718848 0.251186
2139.31 0.718848 0.251186
2140.27 0.718848 0.251186
2141.22 0.718848 0.251186
2142.18 0.718848 0.251186
2143.13 0.718848 0.251186
2144.09 0.718848 0.251186
2145.04 0.718848 0.251186
2146 0.718848 0.251186
2146.95 0.718848 0.251186
2147.91 0.718848 0.251186
2148.86 0.718848 0.251186
2149.82 0.718848 0.251186
2150.77 0.718848 0.251186
2151.73 0.718848 0.251186
2152.68 0.718848 0.251186
2153.64 0.718848 0.251186
2154.59 0.718848 0.251186
2155.55 0.718848 0.251186
2156.5 0.718848 0.251186
2157.46 0.718848 0.251186
2158.41 0.718848 0.251186
2159.37 0.718848 0.251186
2160.32 0.718848 0.251186
2161.28 0.718848 0.251186
2162.23 0.718848 0.251186
2163.19 0.718848 0.251186
2164.14 0.718848 0.251186
2165.1 0.718848 0.251186
2166.05 0.718848 0.251186
2167.01 0.718848 0.251186
2167.96 0.718848 0.251186
2168.92 0.718848 0.251186
2169.87 0.718848 0.251186
2170.83 0.718848 0.251186
2171.78 0.718848 0.251186
2172.74 0.718848 0.251186
2173.69 0.718848 0.251186
2174.65 0.718848 0.251186
2175.6 0.718848 0.251186
2176.56 0.718848 0.251186
2177.51 0.718848 0.251186
2178.47 0.718848 0.251186
2179.42 0.718848 0.251186
2180.38 0.718848 0.251186
2181.33 0.718848 0.251186
2182.29 0.718848 0.251186
2183.24 0.718848 0.251186
2184.2 0.718848 0.251186
2185.15 0.718848 0.251186
2186.11 0.718848 0.251186
2187.06 0.718848 0.251186
2188.02 0.718848 0.251186
2188.97 0.718848 0.251186
2189.93 0.718848 0.251186
2190.88 0.718848 0.251186
2191.84 0.718848 0.251186
2192.79 0.718848 0.251186
2193.75 0.718848 0.251186
2194.7 0.718848 0.251186
2195.66 0.718848 0.251186
2196.61 0.718848 0.251186
2197.57 0.718848 0.251186
2198.52 0.718848 0.251186
2199.48 0.718848 0.251186
2200.43 0.718848 0.251186
2201.39 0.718848 0.251186
2202.34 0.718848 0.251186
2203.3 0.718848 0.251186
2204.25 0.718848 0.251186
2205.21 0.718848 0.251186
2206.16 0.718848 0.251186
2207.12 0.718848 0.251186
2208.07 0.718848 0.251186
2209.03 0.718848 0.251186
2209.98 0.718848 0.251186
2210.94 0.718848 0.251186
2211.89 0.718848 0.251186
2212.85 0.718848 0.251186
2213.8 0.718848 0.251186
2214.76 0.718848 0.251186
2215.71 0.718848 0.251186
2216.67 0.718848 0.251186
2217.62 0.718848 0.251186
2218.58 0.718848 0.251186
2219.53 0.718848 0.251186
2220.49 0.718848 0.251186
2221.44 0.718848 0.251186
2222.4 0.718848 0.251186
2223.36 0.718848 0.251186
2224.31 0.718848 0.251186
2225.27 0.718848 0.251186
2226.22 0.718848 0.251186
2227.18 0.718848 0.251186
2228.13 0.718848 0.251186
2229.09 0.718848 0.251186
2230.04 0.718848 0.251186
2231 0.718848 0.251186
2231.95 0.718848 0.251186
2232.91 0.718848 0.251186
2233.86 0.718848 0.251186
2234.82 0.718848 0.251186
2235.77 0.718848 0.251186
2236.73 0.718848 0.251186
2237.68 0.718848 0.251186
2238.64 0.718848 0.251186
2239.59 0.718848 0.251186
2240.55 0.718848 0.251186
2241.5 0.718848 0.251186
2242.46 0.718848 0.251186
2243.41 0.718848 0.251186
2244.37 0.718848 0.251186
2245.32 0.718848 0.251186
2246.28 0.718848 0.251186
2247.23 0.718848 0.251186
2248.19 0.718848 0.251186
2249.14 0.718848 0.251186
2250.1 0.718848 0.251186
2251.05 0.718848 0.251186
2252.01 0.718848 0.251186
2252.96 0.718848 0.251186
2253.92 0.718848 0.251186
2254.87 0.718848 0.251186
2255.83 0.718848 0.251186
2256.78 0.718848 0.251186
2257.74 0.718848 0.251186
2258.69 0.718848 0.251186
2259.65 0.718848 0.251186
2260.6 0.718848 0.251186
2261.56 0.718848 0.251186
2262.51 0.718848 0.251186
2263.47 0.718848 0.251186
2264.42 0.718848 0.251186
2265.38 0.718848 0.251186
2266.33 0.718848 0.251186
2267.29 0.718848 0.251186
2268.24 0.718848 0.251186
2269.2 0.718848 0.251186
2270.15 0.718848 0.251186
2271.11 0.718848 0.251186
2272.06 0.718848 0.251186
2273.02 0.718848 0.251186
2273.97 0.718848 0.251186
2274.93 0.718848 0.251186
2275.88 0.718848 0.251186
2276.84 0.718848 0.251186
2277.79 0.718848 0.251186
2278.75 0.718848 0.251186
2279.7 0.718848 0.251186
2280.66 0.718848 0.251186
2281.61 0.718848 0.251186
2282.57 0.718848 0.251186
2283.52 0.718848 0.251186
2284.48 0.718848 0.251186
2285.43 0.718848 0.251186
2286.39 0.718848 0.251186
2287.34 0.718848 0.251186
2288.3 0.718848 0.251186
2289.25 0.718848 0.251186
2290.21 0.718848 0.251186
2291.16 0.718848 0.251186
2292.12 0.718848 0.251186
2293.07 0.718848 0.251186
2294.03 0.718848 0.251186
2294.98 0.718848 0.251186
2295.94 0.718848 0.251186
2296.89 0.718848 0.251186
2297.85 0.718848 0.251186
2298.8 0.718848 0.251186
2299.76 0.718848 0.251186
2300.71 0.718848 0.251186
2301.67 0.718848 0.251186
2302.62 0.718848 0.251186
2303.58 0.718848 0.251186
2304.53 0.718848 0.251186
2305.49 0.718848 0.251186
2306.44 0.718848 0.251186
2307.4 0.718848 0.251186
2308.35 0.718848 0.251186
2309.31 0.718848 0.251186
2310.26 0.718848 0.251186
2311.22 0.718848 0.251186
2312.17 0.718848 0.251186
2313.13 0.718848 0.251186
2314.08 0.718848 0.251186
2315.04 0.718848 0.251186
2315.99 0.718848 0.251186
2316.95 0.718848 0.251186
2317.9 0.718848 0.251186
2318.86 0.718848 0.251186
2319.82 0.718848 0.251186
2320.77 0.718848 0.251186
2321.73 0.718848 0.251186
2322.68 0.718848 0.251186
2323.64 0.718848 0.251186
2324.59 0.718848 0.251186
2325.55 0.718848 0.251186
2326.5 0.718848 0.251186
2327.46 0.718848 0.251186
2328.41 0.718848 0.251186
2329.37 0.718848 0.251186
2330.32 0.718848 0.251186
2331.28 0.718848 0.251186
2332.23 0.718848 0.251186
2333.19 0.718848 0.251186
2334.14 0.718848 0.251186
2335.1 0.718848 0.251186
2336.05 0.718848 0.251186
2337.01 0.718848 0.251186
2337.96 0.718848 0.251186
2338.92 0.718848 0.251186
2339.87 0.718848 0.251186
2340.83 0.718848 0.251186
2341.78 0.718848 0.251186
2342.74 0.718848 0.251186
2343.69 0.718848 0.251186
2344.65 0.718848 0.251186
2345.6 0.718848 0.251186
2346.56 0.718848 0.251186
2347.51 0.718848 0.251186
2348.47 0.718848 0.251186
2349.42 0.718848 0.251186
2350.38 0.718848 0.251186
2351.33 0.718848 0.251186
2352.29 0.718848 0.251186
2353.24 0.718848 0.251186
2354.2 0.718848 0.251186
2355.15 0.718848 0.251186
2356.11 0.718848 0.251186
2357.06 0.718848 0.251186
2358.02 0.718848 0.251186
2358.97 0.718848 0.251186
2359.93 0.718848 0.251186
2360.88 0.718848 0.251186
2361.84 0.718848 0.251186
2362.79 0.718848 0.251186
2363.75 0.718848 0.251186
2364.7 0.718848 0.251186
2365.66 0.718848 0.251186
2366.61 0.718848 0.251186
2367.57 0.718848 0.251186
2368.52 0.718848 0.251186
2369.48 0.718848 0.251186
2370.43 0.718848 0.251186
2371.39 0.718848 0.251186
2372.34 0.718848 0.251186
2373.3 0.718848 0.251186
2374.25 0.718848 0.251186
2375.21 0.718848 0.251186
2376.16 0.718848 0.251186
2377.12 0.718848 0.251186
2378.07 0.718848 0.251186
2379.03 0.718848 0.251186
2379.98 0.718848 0.251186
2380.94 0.718848 0.251186
2381.89 0.718848 0.251186
2382.85 0.718848 0.251186
2383.8 0.718848 0.251186
2384.76 0.718848 0.251186
2385.71 0.718848 0.251186
2386.67 0.718848 0.251186
2387.62 0.718848 0.251186
2388.58 0.718848 0.251186
2389.53 0.718848 0.251186
2390.49 0.718848 0.251186
2391.44 0.718848 0.251186
2392.4 0.718848 0.251186
2393.35 0.718848 0.251186
2394.31 0.718848 0.251186
2395.26 0.718848 0.251186
2396.22 0.718848 0.251186
2397.17 0.718848 0.251186
2398.13 0.718848 0.251186
2399.08 0.718848 0.251186
2400.04 0.718848 0.251186
2400.99 0.718848 0.251186
2401.95 0.718848 0.251186
2402.9 0.718848 0.251186
2403.86 0.718848 0.251186
2404.81 0.718848 0.251186
2405.77 0.718848 0.251186
2406.72 0.718848 0.251186
2407.68 0.718848 0.251186
2408.63 0.718848 0.251186
2409.59 0.718848 0.251186
2410.54 0.718848 0.251186
2411.5 0.718848 0.251186
2412.45 0.718848 0.251186
2413.41 0.718848 0.251186
2414.36 0.718848 0.251186
2415.32 0.718848 0.251186
2416.27 0.718848 0.251186
2417.23 0.718848 0.251186
2418.19 0.718848 0.251186
2419.14 0.718848 0.251186
2420.1 0.718848 0.251186
2421.05 0.718848 0.251186
2422.01 0.718848 0.251186
2422.96 0.718848 0.251186
2423.92 0.718848 0.251186
2424.87 0.718848 0.251186
2425.83 0.718848 0.251186
2426.78 0.718848 0.251186
2427.74 0.718848 0.251186
2428.69 0.718848 0.251186
2429.65 0.718848 0.251186
2430.6 0.718848 0.251186
2431.56 0.718848 0.251186
2432.51 0.718848 0.251186
2433.47 0.718848 0.251186
2434.42 0.718848 0.251186
2435.38 0.718848 0.251186
2436.33 0.718848 0.251186
2437.29 0.718848 0.251186
2438.24 0.718848 0.251186
2439.2 0.718848 0.251186
2440.15 0.718848 0.251186
2441.11 0.718848 0.251186
2442.06 0.718848 0.251186
2443.02 0.718848 0.251186
2443.97 0.718848 0.251186
2444.93 0.718848 0.251186
2445.88 0.718848 0.251186
2446.84 0.718848 0.251186
2447.79 0.718848 0.251186
2448.75 0.718848 0.251186
2449.7 0.718848 0.251186
2450.66 0.718848 0.251186
2451.61 0.718848 0.251186
2452.57 0.718848 0.251186
2453.52 0.718848 0.251186
2454.48 0.718848 0.251186
2455.43 0.718848 0.251186
2456.39 0.718848 0.251186
2457.34 0.718848 0.251186
2458.3 0.718848 0.251186
2459.25 0.718848 0.251186
2460.21 0.718848 0.251186
2461.16 0.718848 0.251186
2462.12 0.718848 0.251186
2463.07 0.718848 0.251186
2464.03 0.718848 0.251186
2464.98 0.718848 0.251186
2465.94 0.718848 0.251186
2466.89 0.718848 0.251186
2467.85 0.718848 0.251186
2468.8 0.718848 0.251186
2469.76 0.718848 0.251186
2470.71 0.718848 0.251186
2471.67 0.718848 0.251186
2472.62 0.718848 0.251186
2473.58 0.718848 0.251186
2474.53 0.718848 0.251186
2475.49 0.718848 0.251186
2476.44 0.718848 0.251186
2477.4 0.718848 0.251186
2478.35 0.718848 0.251186
2479.31 0.718848 0.251186
2480.26 0.718848 0.251186
2481.22 0.718848 0.251186
2482.17 0.718848 0.251186
2483.13 0.718848 0.251186
2484.08 0.718848 0.251186
2485.04 0.718848 0.251186
2485.99 0.718848 0.251186
2486.95 0.718848 0.251186
2487.9 0.718848 0.251186
2488.86 0.718848 0.251186
2489.81 0.718848 0.251186
2490.77 0.718848 0.251186
2491.72 0.718848 0.251186
2492.68 0.718848 0.251186
2493.63 0.718848 0.251186
2494.59 0.718848 0.251186
2495.54 0.718848 0.251186
2496.5 0.718848 0.251186
2497.45 0.718848 0.251186
2498.41 0.718848 0.251186
2499.36 0.718848 0.251186
2500.32 0.718848 0.251186
2501.27 0.718848 0.251186
2502.23 0.718848 0.251186
2503.18 0.718848 0.251186
2504.14 0.718848 0.251186
2505.09 0.718848 0.251186
2506.05 0.718848 0.251186
2507 0.718848 0.251186
2507.96 0.718848 0.251186
2508.91 0.718848 0.251186
2509.87 0.718848 0.251186
2510.82 0.718848 0.251186
2511.78 0.718848 0.251186
2512.73 0.718848 0.251186
2513.69 0.718848 0.251186
2514.65 0.718848 0.251186
2515.6 0.718848 0.251186
2516.56 0.718848 0.251186
2517.51 0.718848 0.251186
2518.47 0.718848 0.251186
2519.42 0.718848 0.251186
2520.38 0.718848 0.251186
2521.33 0.718848 0.251186
2522.29 0.718848 0.251186
2523.24 0.718848 0.251186
2524.2 0.718848 0.251186
2525.15 0.718848 0.251186
2526.11 0.718848 0.251186
2527.06 0.718848 0.251186
2528.02 0.718848 0.251186
2528.97 0.718848 0.251186
2529.93 0.718848 0.251186
2530.88 0.718848 0.251186
2531.84 0.718848 0.251186
2532.79 0.718848 0.251186
2533.75 0.718848 0.251186
2534.7 0.718848 0.251186
2535.66 0.718848 0.251186
2536.61 0.718848 0.251186
2537.57 0.718848 0.251186
2538.52 0.718848 0.251186
2539.48 0.718848 0.251186
2540.43 0.718848 0.251186
2541.39 0.718848 0.251186
2542.34 0.718848 0.251186
2543.3 0.718848 0.251186
2544.25 0.718848 0.251186
2545.21 0.718848 0.251186
2546.16 0.718848 0.251186
2547.12 0.718848 0.251186
2548.07 0.718848 0.251186
2549.03 0.718848 0.251186
2549.98 0.718848 0.251186
2550.94 0.718848 0.251186
2551.89 0.718848 0.251186
2552.85 0.718848 0.251186
2553.8 0.718848 0.251186
2554.76 0.718848 0.251186
2555.71 0.718848 0.251186
2556.67 0.718848 0.251186
2557.62 0.718848 0.251186
2558.58 0.718848 0.251186
2559.53 0.718848 0.251186
2560.49 0.718848 0.251186
2561.44 0.718848 0.251186
2562.4 0.718848 0.251186
2563.35 0.718848 0.251186
2564.31 0.718848 0.251186
2565.26 0.718848 0.251186
2566.22 0.718848 0.251186
2567.17 0.718848 0.251186
2568.13 0.718848 0.251186
2569.08 0.718848 0.251186
2570.04 0.718848 0.251186
2570.99 0.718848 0.251186
2571.95 0.718848 0.251186
2572.9 0.718848 0.251186
2573.86 0.718848 0.251186
2574.81 0.718848 0.251186
2575.77 0.718848 0.251186
2576.72 0.718848 0.251186
2577.68 0.718848 0.251186
2578.63 0.718848 0.251186
2579.59 0.718848 0.251186
2580.54 0.718848 0.251186
2581.5 0.718848 0.251186
2582.45 0.718848 0.251186
2583.41 0.718848 0.251186
2584.36 0.718848 0.251186
2585.32 0.718848 0.251186
2586.27 0.718848 0.251186
2587.23 0.718848 0.251186
2588.18 0.718848 0.251186
2589.14 0.718848 0.251186
2590.09 0.718848 0.251186
2591.05 0.718848 0.251186
2592 0.718848 0.251186
2592.96 0.718848 0.251186
2593.91 0.718848 0.251186
2594.87 0.718848 0.251186
2595.82 0.718848 0.251186
2596.78 0.718848 0.251186
2597.73 0.718848 0.251186
2598.69 0.718848 0.251186
2599.64 0.718848 0.251186
2600.6 0.718848 0.251186
2601.55 0.718848 0.251186
2602.51 0.718848 0.251186
2603.46 0.718848 0.251186
2604.42 0.718848 0.251186
2605.37 0.718848 0.251186
2606.33 0.718848 0.251186
2607.28 0.718848 0.251186
2608.24 0.718848 0.251186
2609.19 0.718848 0.251186
2610.15 0.718848 0.251186
2611.11 0.718848 0.251186
2612.06 0.718848 0.251186
2613.02 0.718848 0.251186
2613.97 0.718848 0.251186
2614.93 0.718848 0.251186
2615.88 0.718848 0.251186
2616.84 0.718848 0.251186
2617.79 0.718848 0.251186
2618.75 0.718848 0.251186
2619.7 0.718848 0.251186
2620.66 0.718848 0.251186
2621.61 0.718848 0.251186
2622.57 0.718848 0.251186
2623.52 0.718848 0.251186
2624.48 0.718848 0.251186
2625.43 0.718848 0.251186
2626.39 0.718848 0.251186
2627.34 0.718848 0.251186
2628.3 0.718848 0.251186
2629.25 0.718848 0.251186
2630.21 0.718848 0.251186
2631.16 0.718848 0.251186
2632.12 0.718848 0.251186
2633.07 0.718848 0.251186
2634.03 0.718848 0.251186
2634.98 0.718848 0.251186
2635.94 0.718848 0.251186
2636.89 0.718848 0.251186
2637.85 0.718848 0.251186
2638.8 0.718848 0.251186
2639.76 0.718848 0.251186
2640.71 0.718848 0.251186
2641.67 0.718848 0.251186
2642.62 0.718848 0.251186
2643.58 0.718848 0.251186
2644.53 0.718848 0.251186
2645.49 0.718848 0.251186
2646.44 0.718848 0.251186
2647.4 0.718848 0.251186
2648.35 0.718848 0.251186
2649.31 0.718848 0.251186
2650.26 0.718848 0.251186
2651.22 0.718848 0.251186
2652.17 0.718848 0.251186
2653.13 0.718848 0.251186
2654.08 0.718848 0.251186
2655.04 0.718848 0.251186
2655.99 0.718848 0.251186
2656.95 0.718848 0.251186
2657.9 0.718848 0.251186
2658.86 0.718848 0.251186
2659.81 0.718848 0.251186
2660.77 0.718848 0.251186
2661.72 0.718848 0.251186
2662.68 0.718848 0.251186
2663.63 0.718848 0.251186
2664.59 0.718848 0.251186
2665.54 0.718848 0.251186
2666.5 0.718848 0.251186
2667.45 0.718848 0.251186
2668.41 0.718848 0.251186
2669.36 0.718848 0.251186
2670.32 0.718848 0.251186
2671.27 0.718848 0.251186
2672.23 0.718848 0.251186
2673.18 0.718848 0.251186
2674.14 0.718848 0.251186
2675.09 0.718848 0.251186
2676.05 0.718848 0.251186
2677 0.718848 0.251186
2677.96 0.718848 0.251186
2678.91 0.718848 0.251186
2679.87 0.718848 0.251186
2680.82 0.718848 0.251186
2681.78 0.718848 0.251186
2682.73 0.718848 0.251186
2683.69 0.718848 0.251186
2684.64 0.718848 0.251186
2685.6 0.718848 0.251186
2686.55 0.718848 0.251186
2687.51 0.718848 0.251186
2688.46 0.718848 0.251186
2689.42 0.718848 0.251186
2690.37 0.718848 0.251186
2691.33 0.718848 0.251186
2692.28 0.718848 0.251186
2693.24 0.718848 0.251186
2694.19 0.718848 0.251186
2695.15 0.718848 0.251186
2696.1 0.718848 0.251186
2697.06 0.718848 0.251186
2698.01 0.718848 0.251186
2698.97 0.718848 0.251186
2699.92 0.718848 0.251186
2700.88 0.718848 0.251186
2701.83 0.718848 0.251186
2702.79 0.718848 0.251186
2703.74 0.718848 0.251186
2704.7 0.718848 0.251186
2705.65 0.718848 0.251186
2706.61 0.718848 0.251186
2707.57 0.718848 0.251186
2708.52 0.718848 0.251186
2709.48 0.718848 0.251186
2710.43 0.718848 0.251186
2711.39 0.718848 0.251186
2712.34 0.718848 0.251186
2713.3 0.718848 0.251186
2714.25 0.718848 0.251186
2715.21 0.718848 0.251186
2716.16 0.718848 0.251186
2717.12 0.718848 0.251186
2718.07 0.718848 0.251186
2719.03 0.718848 0.251186
2719.98 0.718848 0.251186
2720.94 0.718848 0.251186
2721.89 0.718848 0.251186
2722.85 0.718848 0.251186
2723.8 0.718848 0.251186
2724.76 0.718848 0.251186
2725.71 0.718848 0.251186
2726.67 0.718848 0.251186
2727.62 0.718848 0.251186
2728.58 0.718848 0.251186
2729.53 0.718848 0.251186
2730.49 0.718848 0.251186
2731.44 0.718848 0.251186
2732.4 0.718848 0.251186
2733.35 0.718848 0.251186
2734.31 0.718848 0.251186
2735.26 0.718848 0.251186
2736.22 0.718848 0.251186
2737.17 0.718848 0.251186
2738.13 0.718848 0.251186
2739.08 0.718848 0.251186
2740.04 0.718848 0.251186
2740.99 0.718848 0.251186
2741.95 0.718848 0.251186
2742.9 0.718848 0.251186
2743.86 0.718848 0.251186
2744.81 0.718848 0.251186
2745.77 0.718848 0.251186
2746.72 0.718848 0.251186
2747.68 0.718848 0.251186
2748.63 0.718848 0.251186
2749.59 0.718848 0.251186
2750.54 0.718848 0.251186
2751.5 0.718848 0.251186
2752.45 0.718848 0.251186
2753.41 0.718848 0.251186
2754.36 0.718848 0.251186
2755.32 0.718848 0.251186
2756.27 0.718848 0.251186
2757.23 0.718848 0.251186
2758.18 0.718848 0.251186
2759.14 0.718848 0.251186
2760.09 0.718848 0.251186
2761.05 0.718848 0.251186
2762 0.718848 0.251186
2762.96 0.718848 0.251186
2763.91 0.718848 0.251186
2764.87 0.718848 0.251186
2765.82 0.718848 0.251186
2766.78 0.718848 0.251186
2767.73 0.718848 0.251186
2768.69 0.718848 0.251186
2769.64 0.718848 0.251186
2770.6 0.718848 0.251186
2771.55 0.718848 0.251186
2772.51 0.718848 0.251186
2773.46 0.718848 0.251186
2774.42 0.718848 0.251186
2775.37 0.718848 0.251186
2776.33 0.718848 0.251186
2777.28 0.718848 0.251186
2778.24 0.718848 0.251186
2779.19 0.718848 0.251186
2780.15 0.718848 0.251186
2781.1 0.718848 0.251186
2782.06 0.718848 0.251186
2783.01 0.718848 0.251186
2783.97 0.718848 0.251186
2784.92 0.718848 0.251186
2785.88 0.718848 0.251186
2786.83 0.718848 0.251186
2787.79 0.718848 0.251186
2788.74 0.718848 0.251186
2789.7 0.718848 0.251186
2790.65 0.718848 0.251186
2791.61 0.718848 0.251186
2792.56 0.718848 0.251186
2793.52 0.718848 0.251186
2794.47 0.718848 0.251186
2795.43 0.718848 0.251186
2796.38 0.718848 0.251186
2797.34 0.718848 0.251186
2798.29 0.718848 0.251186
2799.25 0.718848 0.251186
2800.2 0.718848 0.251186
2801.16 0.718848 0.251186
2802.11 0.718848 0.251186
2803.07 0.718848 0.251186
2804.03 0.718848 0.251186
2804.98 0.718848 0.251186
2805.94 0.718848 0.251186
2806.89 0.718848 0.251186
2807.85 0.718848 0.251186
2808.8 0.718848 0.251186
2809.76 0.718848 0.251186
2810.71 0.718848 0.251186
2811.67 0.718848 0.251186
2812.62 0.718848 0.251186
2813.58 0.718848 0.251186
2814.53 0.718848 0.251186
2815.49 0.718848 0.251186
2816.44 0.718848 0.251186
2817.4 0.718848 0.251186
2818.35 0.718848 0.251186
2819.31 0.718848 0.251186
2820.26 0.718848 0.251186
2821.22 0.718848 0.251186
2822.17 0.718848 0.251186
2823.13 0.718848 0.251186
2824.08 0.718848 0.251186
2825.04 0.718848 0.251186
2825.99 0.718848 0.251186
2826.95 0.718848 0.251186
2827.9 0.718848 0.251186
2828.86 0.718848 0.251186
2829.81 0.718848 0.251186
2830.77 0.718848 0.251186
2831.72 0.718848 0.251186
2832.68 0.718848 0.251186
2833.63 0.718848 0.251186
2834.59 0.718848 0.251186
2835.54 0.718848 0.251186
2836.5 0.718848 0.251186
2837.45 0.718848 0.251186
2838.41 0.718848 0.251186
2839.36 0.718848 0.251186
2840.32 0.718848 0.251186
2841.27 0.718848 0.251186
2842.23 0.718848 0.251186
2843.18 0.718848 0.251186
2844.14 0.718848 0.251186
2845.09 0.718848 0.251186
2846.05 0.718848 0.251186
2847 0.718848 0.251186
2847.96 0.718848 0.251186
2848.91 0.718848 0.251186
2849.87 0.718848 0.251186
2850.82 0.718848 0.251186
2851.78 0.718848 0.251186
2852.73 0.718848 0.251186
2853.69 0.718848 0.251186
2854.64 0.718848 0.251186
2855.6 0.718848 0.251186
2856.55 0.718848 0.251186
2857.51 0.718848 0.251186
2858.46 0.718848 0.251186
2859.42 0.718848 0.251186
2860.37 0.718848 0.251186
2861.33 0.718848 0.251186
2862.28 0.718848 0.251186
2863.24 0.718848 0.251186
2864.19 0.718848 0.251186
2865.15 0.718848 0.251186
2866.1 0.718848 0.251186
2867.06 0.718848 0.251186
2868.01 0.718848 0.251186
2868.97 0.718848 0.251186
2869.92 0.718848 0.251186
2870.88 0.718848 0.251186
2871.83 0.718848 0.251186
2872.79 0.718848 0.251186
2873.74 0.718848 0.251186
2874.7 0.718848 0.251186
2875.65 0.718848 0.251186
2876.61 0.718848 0.251186
2877.56 0.718848 0.251186
2878.52 0.718848 0.251186
2879.47 0.718848 0.251186
2880.43 0.718848 0.251186
2881.38 0.718848 0.251186
2882.34 0.718848 0.251186
2883.29 0.718848 0.251186
2884.25 0.718848 0.251186
2885.2 0.718848 0.251186
2886.16 0.718848 0.251186
2887.11 0.718848 0.251186
2888.07 0.718848 0.251186
2889.02 0.718848 0.251186
2889.98 0.718848 0.251186
2890.93 0.718848 0.251186
2891.89 0.718848 0.251186
2892.84 0.718848 0.251186
2893.8 0.718848 0.251186
2894.75 0.718848 0.251186
2895.71 0.718848 0.251186
2896.66 0.718848 0.251186
2897.62 0.718848 0.251186
2898.57 0.718848 0.251186
2899.53 0.718848 0.251186
2900.49 0.718848 0.251186
2901.44 0.718848 0.251186
2902.4 0.718848 0.251186
2903.35 0.718848 0.251186
2904.31 0.718848 0.251186
2905.26 0.718848 0.251186
2906.22 0.718848 0.251186
2907.17 0.718848 0.251186
2908.13 0.718848 0.251186
2909.08 0.718848 0.251186
2910.04 0.718848 0.251186
2910.99 0.718848 0.251186
2911.95 0.718848 0.251186
2912.9 0.718848 0.251186
2913.86 0.718848 0.251186
2914.81 0.718848 0.251186
2915.77 0.718848 0.251186
2916.72 0.718848 0.251186
2917.68 0.718848 0.251186
2918.63 0.718848 0.251186
2919.59 0.718848 0.251186
2920.54 0.718848 0.251186
2921.5 0.718848 0.251186
2922.45 0.718848 0.251186
2923.41 0.718848 0.251186
2924.36 0.718848 0.251186
2925.32 0.718848 0.251186
2926.27 0.718848 0.251186
2927.23 0.718848 0.251186
2928.18 0.718848 0.251186
2929.14 0.718848 0.251186
2930.09 0.718848 0.251186
2931.05 0.718848 0.251186
2932 0.718848 0.251186
2932.96 0.718848 0.251186
2933.91 0.718848 0.251186
2934.87 0.718848 0.251186
2935.82 0.718848 0.251186
2936.78 0.718848 0.251186
2937.73 0.718848 0.251186
2938.69 0.718848 0.251186
2939.64 0.718848 0.251186
2940.6 0.718848 0.251186
2941.55 0.718848 0.251186
2942.51 0.718848 0.251186
2943.46 0.718848 0.251186
2944.42 0.718848 0.251186
2945.37 0.718848 0.251186
2946.33 0.718848 0.251186
2947.28 0.718848 0.251186
2948.24 0.718848 0.251186
2949.19 0.718848 0.251186
2950.15 0.718848 0.251186
2951.1 0.718848 0.251186
2952.06 0.718848 0.251186
2953.01 0.718848 0.251186
2953.97 0.718848 0.251186
2954.92 0.718848 0.251186
2955.88 0.718848 0.251186
2956.83 0.718848 0.251186
2957.79 0.718848 0.251186
2958.74 0.718848 0.251186
2959.7 0.718848 0.251186
2960.65 0.718848 0.251186
2961.61 0.718848 0.251186
2962.56 0.718848 0.251186
2963.52 0.718848 0.251186
2964.47 0.718848 0.251186
2965.43 0.718848 0.251186
2966.38 0.718848 0.251186
2967.34 0.718848 0.251186
2968.29 0.718848 0.251186
2969.25 0.718848 0.251186
2970.2 0.718848 0.251186
2971.16 0.718848 0.251186
2972.11 0.718848 0.251186
2973.07 0.718848 0.251186
2974.02 0.718848 0.251186
2974.98 0.718848 0.251186
2975.93 0.718848 0.251186
2976.89 0.718848 0.251186
2977.84 0.718848 0.251186
2978.8 0.718848 0.251186
2979.75 0.718848 0.251186
2980.71 0.718848 0.251186
2981.66 0.718848 0.251186
2982.62 0.718848 0.251186
2983.57 0.718848 0.251186
2984.53 0.718848 0.251186
2985.48 0.718848 0.251186
2986.44 0.718848 0.251186
2987.39 0.718848 0.251186
2988.35 0.718848 0.251186
2989.3 0.718848 0.251186
2990.26 0.718848 0.251186
2991.21 0.718848 0.251186
2992.17 0.718848 0.251186
2993.12 0.718848 0.251186
2994.08 0.718848 0.251186
2995.03 0.718848 0.251186
2995.99 0.718848 0.251186
2996.95 0.718848 0.251186
2997.9 0.718848 0.251186
2998.86 0.718848 0.251186
2999.81 0.718848 0.251186
3000.77 0.718848 0.251186
3001.72 0.718848 0.251186
3002.68 0.718848 0.251186
3003.63 0.718848 0.251186
3004.59 0.718848 0.251186
3005.54 0.718848 0.251186
3006.5 0.718848 0.251186
3007.45 0.718848 0.251186
3008.41 0.718848 0.251186
3009.36 0.718848 0.251186
3010.32 0.718848 0.251186
3011.27 0.718848 0.251186
3012.23 0.718848 0.251186
3013.18 0.718848 0.251186
3014.14 0.718848 0.251186
3015.09 0.718848 0.251186
3016.05 0.718848 0.251186
3017 0.718848 0.251186
3017.96 0.718848 0.251186
3018.91 0.718848 0.251186
3019.87 0.718848 0.251186
3020.82 0.718848 0.251186
3021.78 0.718848 0.251186
3022.73 0.718848 0.251186
3023.69 0.718848 0.251186
3024.64 0.718848 0.251186
3025.6 0.718848 0.251186
3026.55 0.718848 0.251186
3027.51 0.718848 0.251186
3028.46 0.718848 0.251186
3029.42 0.718848 0.251186
3030.37 0.718848 0.251186
3031.33 0.718848 0.251186
3032.28 0.718848 0.251186
3033.24 0.718848 0.251186
3034.19 0.718848 0.251186
3035.15 0.718848 0.251186
3036.1 0.718848 0.251186
3037.06 0.718848 0.251186
3038.01 0.718848 0.251186
3038.97 0.718848 0.251186
3039.92 0.718848 0.251186
3040.88 0.718848 0.251186
3041.83 0.718848 0.251186
3042.79 0.718848 0.251186
3043.74 0.718848 0.251186
3044.7 0.718848 0.251186
3045.65 0.718848 0.251186
3046.61 0.718848 0.251186
3047.56 0.718848 0.251186
3048.52 0.718848 0.251186
3049.47 0.718848 0.251186
3050.43 0.718848 0.251186
3051.38 0.718848 0.251186
3052.34 0.718848 0.251186
3053.29 0.718848 0.251186
3054.25 0.718848 0.251186
3055.2 0.718848 0.251186
3056.16 0.718848 0.251186
3057.11 0.718848 0.251186
3058.07 0.718848 0.251186
3059.02 0.718848 0.251186
3059.98 0.718848 0.251186
3060.93 0.718848 0.251186
3061.89 0.718848 0.251186
3062.84 0.718848 0.251186
3063.8 0.718848 0.251186
3064.75 0.718848 0.251186
3065.71 0.718848 0.251186
3066.66 0.718848 0.251186
3067.62 0.718848 0.251186
3068.57 0.718848 0.251186
3069.53 0.718848 0.251186
3070.48 0.718848 0.251186
3071.44 0.718848 0.251186
3072.39 0.718848 0.251186
3073.35 0.718848 0.251186
3074.3 0.718848 0.251186
3075.26 0.718848 0.251186
3076.21 0.718848 0.251186
3077.17 0.718848 0.251186
3078.12 0.718848 0.251186
3079.08 0.718848 0.251186
3080.03 0.718848 0.251186
3080.99 0.718848 0.251186
3081.94 0.718848 0.251186
3082.9 0.718848 0.251186
3083.85 0.718848 0.251186
3084.81 0.718848 0.251186
3085.76 0.718848 0.251186
3086.72 0.718848 0.251186
3087.67 0.718848 0.251186
3088.63 0.718848 0.251186
3089.58 0.718848 0.251186
3090.54 0.718848 0.251186
3091.49 0.718848 0.251186
3092.45 0.718848 0.251186
3093.41 0.718848 0.251186
3094.36 0.718848 0.251186
3095.32 0.718848 0.251186
3096.27 0.718848 0.251186
3097.23 0.718848 0.251186
3098.18 0.718848 0.251186
3099.14 0.718848 0.251186
3100.09 0.718848 0.251186
3101.05 0.718848 0.251186
3102 0.718848 0.251186
3102.96 0.718848 0.251186
3103.91 0.718848 0.251186
3104.87 0.718848 0.251186
3105.82 0.718848 0.251186
3106.78 0.718848 0.251186
3107.73 0.718848 0.251186
3108.69 0.718848 0.251186
3109.64 0.718848 0.251186
3110.6 0.718848 0.251186
3111.55 0.718848 0.251186
3112.51 0.718848 0.251186
3113.46 0.718848 0.251186
3114.42 0.718848 0.251186
3115.37 0.718848 0.251186
3116.33 0.718848 0.251186
3117.28 0.718848 0.251186
3118.24 0.718848 0.251186
3119.19 0.718848 0.251186
3120.15 0.718848 0.251186
3121.1 0.718848 0.251186
3122.06 0.718848 0.251186
3123.01 0.718848 0.251186
3123.97 0.718848 0.251186
3124.92 0.718848 0.251186
3125.88 0.718848 0.251186
3126.83 0.718848 0.251186
3127.79 0.718848 0.251186
3128.74 0.718848 0.251186
3129.7 0.718848 0.251186
3130.65 0.718848 0.251186
3131.61 0.718848 0.251186
3132.56 0.718848 0.251186
3133.52 0.718848 0.251186
3134.47 0.718848 0.251186
3135.43 0.718848 0.251186
3136.38 0.718848 0.251186
3137.34 0.718848 0.251186
3138.29 0.718848 0.251186
3139.25 0.718848 0.251186
3140.2 0.718848 0.251186
3141.16 0.718848 0.251186
3142.11 0.718848 0.251186
3143.07 0.718848 0.251186
3144.02 0.718848 0.251186
3144.98 0.718848 0.251186
3145.93 0.718848 0.251186
3146.89 0.718848 0.251186
3147.84 0.718848 0.251186
3148.8 0.718848 0.251186
3149.75 0.718848 0.251186
3150.71 0.718848 0.251186
3151.66 0.718848 0.251186
3152.62 0.718848 0.251186
3153.57 0.718848 0.251186
3154.53 0.718848 0.251186
3155.48 0.718848 0.251186
3156.44 0.718848 0.251186
3157.39 0.718848 0.251186
3158.35 0.718848 0.251186
3159.3 0.718848 0.251186
3160.26 0.718848 0.251186
3161.21 0.718848 0.251186
3162.17 0.718848 0.251186
3163.12 0.718848 0.251186
3164.08 0.718848 0.251186
3165.03 0.718848 0.251186
3165.99 0.718848 0.251186
3166.94 0.718848 0.251186
3167.9 0.718848 0.251186
3168.85 0.718848 0.251186
3169.81 0.718848 0.251186
3170.76 0.718848 0.251186
3171.72 0.718848 0.251186
3172.67 0.718848 0.251186
3173.63 0.718848 0.251186
3174.58 0.718848 0.251186
3175.54 0.718848 0.251186
3176.49 0.718848 0.251186
3177.45 0.718848 0.251186
3178.4 0.718848 0.251186
3179.36 0.718848 0.251186
3180.31 0.718848 0.251186
3181.27 0.718848 0.251186
3182.22 0.718848 0.251186
3183.18 0.718848 0.251186
3184.13 0.718848 0.251186
3185.09 0.718848 0.251186
3186.04 0.718848 0.251186
3187 0.718848 0.251186
3187.95 0.718848 0.251186
3188.91 0.718848 0.251186
3189.87 0.718848 0.251186
3190.82 0.718848 0.251186
3191.78 0.718848 0.251186
3192.73 0.718848 0.251186
3193.69 0.718848 0.251186
3194.64 0.718848 0.251186
3195.6 0.718848 0.251186
3196.55 0.718848 0.251186
3197.51 0.718848 0.251186
3198.46 0.718848 0.251186
3199.42 0.718848 0.251186
3200.37 0.718848 0.251186
3201.33 0.718848 0.251186
3202.28 0.718848 0.251186
3203.24 0.718848 0.251186
3204.19 0.718848 0.251186
3205.15 0.718848 0.251186
3206.1 0.718848 0.251186
3207.06 0.718848 0.251186
3208.01 0.718848 0.251186
3208.97 0.718848 0.251186
3209.92 0.718848 0.251186
3210.88 0.718848 0.251186
3211.83 0.718848 0.251186
3212.79 0.718848 0.251186
3213.74 0.718848 0.251186
3214.7 0.718848 0.251186
3215.65 0.718848 0.251186
3216.61 0.718848 0.251186
3217.56 0.718848 0.251186
3218.52 0.718848 0.251186
3219.47 0.718848 0.251186
3220.43 0.718848 0.251186
3221.38 0.718848 0.251186
3222.34 0.718848 0.251186
3223.29 0.718848 0.251186
3224.25 0.718848 0.251186
3225.2 0.718848 0.251186
3226.16 0.718848 0.251186
3227.11 0.718848 0.251186
3228.07 0.718848 0.251186
3229.02 0.718848 0.251186
3229.98 0.718848 0.251186
3230.93 0.718848 0.251186
3231.89 0.718848 0.251186
3232.84 0.718848 0.251186
3233.8 0.718848 0.251186
3234.75 0.718848 0.251186
3235.71 0.718848 0.251186
3236.66 0.718848 0.251186
3237.62 0.718848 0.251186
3238.57 0.718848 0.251186
3239.53 0.718848 0.251186
3240.48 0.718848 0.251186
3241.44 0.718848 0.251186
3242.39 0.718848 0.251186
3243.35 0.718848 0.251186
3244.3 0.718848 0.251186
3245.26 0.718848 0.251186
3246.21 0.718848 0.251186
3247.17 0.718848 0.251186
3248.12 0.718848 0.251186
3249.08 0.718848 0.251186
3250.03 0.718848 0.251186
3250.99 0.718848 0.251186
3251.94 0.718848 0.251186
3252.9 0.718848 0.251186
3253.85 0.718848 0.251186
3254.81 0.718848 0.251186
3255.76 0.718848 0.251186
3256.72 0.718848 0.251186
3257.67 0.718848 0.251186
3258.63 0.718848 0.251186
3259.58 0.718848 0.251186
3260.54 0.718848 0.251186
3261.49 0.718848 0.251186
3262.45 0.718848 0.251186
3263.4 0.718848 0.251186
3264.36 0.718848 0.251186
3265.31 0.718848 0.251186
3266.27 0.718848 0.251186
3267.22 0.718848 0.251186
3268.18 0.718848 0.251186
3269.13 0.718848 0.251186
3270.09 0.718848 0.251186
3271.04 0.718848 0.251186
3272 0.718848 0.251186
3272.95 0.718848 0.251186
3273.91 0.718848 0.251186
3274.86 0.718848 0.251186
3275.82 0.718848 0.251186
3276.77 0.718848 0.251186
3277.73 0.718848 0.251186
3278.68 0.718848 0.251186
3279.64 0.718848 0.251186
3280.59 0.718848 0.251186
3281.55 0.718848 0.251186
3282.5 0.718848 0.251186
3283.46 0.718848 0.251186
3284.41 0.718848 0.251186
3285.37 0.718848 0.251186
3286.33 0.718848 0.251186
3287.28 0.718848 0.251186
3288.24 0.718848 0.251186
3289.19 0.718848 0.251186
3290.15 0.718848 0.251186
3291.1 0.718848 0.251186
3292.06 0.718848 0.251186
3293.01 0.718848 0.251186
3293.97 0.718848 0.251186
3294.92 0.718848 0.251186
3295.88 0.718848 0.251186
3296.83 0.718848 0.251186
3297.79 0.718848 0.251186
3298.74 0.718848 0.251186
3299.7 0.718848 0.251186
3300.65 0.718848 0.251186
3301.61 0.718848 0.251186
3302.56 0.718848 0.251186
3303.52 0.718848 0.251186
3304.47 0.718848 0.251186
3305.43 0.718848 0.251186
3306.38 0.718848 0.251186
3307.34 0.718848 0.251186
3308.29 0.718848 0.251186
3309.25 0.718848 0.251186
3310.2 0.718848 0.251186
3311.16 0.718848 0.251186
3312.11 0.718848 0.251186
3313.07 0.718848 0.251186
3314.02 0.718848 0.251186
3314.98 0.718848 0.251186
3315.93 0.718848 0.251186
3316.89 0.718848 0.251186
3317.84 0.718848 0.251186
3318.8 0.718848 0.251186
3319.75 0.718848 0.251186
3320.71 0.718848 0.251186
3321.66 0.718848 0.251186
3322.62 0.718848 0.251186
3323.57 0.718848 0.251186
3324.53 0.718848 0.251186
3325.48 0.718848 0.251186
3326.44 0.718848 0.251186
3327.39 0.718848 0.251186
3328.35 0.718848 0.251186
3329.3 0.718848 0.251186
3330.26 0.718848 0.251186
3331.21 0.718848 0.251186
3332.17 0.718848 0.251186
3333.12 0.718848 0.251186
3334.08 0.718848 0.251186
3335.03 0.718848 0.251186
3335.99 0.718848 0.251186
3336.94 0.718848 0.251186
3337.9 0.718848 0.251186
3338.85 0.718848 0.251186
3339.81 0.718848 0.251186
3340.76 0.718848 0.251186
3341.72 0.718848 0.251186
3342.67 0.718848 0.251186
3343.63 0.718848 0.251186
3344.58 0.718848 0.251186
3345.54 0.718848 0.251186
3346.49 0.718848 0.251186
3347.45 0.718848 0.251186
3348.4 0.718848 0.251186
3349.36 0.718848 0.251186
3350.31 0.718848 0.251186
3351.27 0.718848 0.251186
3352.22 0.718848 0.251186
3353.18 0.718848 0.251186
3354.13 0.718848 0.251186
3355.09 0.718848 0.251186
3356.04 0.718848 0.251186
3357 0.718848 0.251186
3357.95 0.718848 0.251186
3358.91 0.718848 0.251186
3359.86 0.718848 0.251186
3360.82 0.718848 0.251186
3361.77 0.718848 0.251186
3362.73 0.718848 0.251186
3363.68 0.718848 0.251186
3364.64 0.718848 0.251186
3365.59 0.718848 0.251186
3366.55 0.718848 0.251186
3367.5 0.718848 0.251186
3368.46 0.718848 0.251186
3369.41 0.718848 0.251186
3370.37 0.718848 0.251186
3371.32 0.718848 0.251186
3372.28 0.718848 0.251186
3373.23 0.718848 0.251186
3374.19 0.718848 0.251186
3375.14 0.718848 0.251186
3376.1 0.718848 0.251186
3377.05 0.718848 0.251186
3378.01 0.718848 0.251186
3378.96 0.718848 0.251186
3379.92 0.718848 0.251186
3380.87 0.718848 0.251186
3381.83 0.718848 0.251186
3382.78 0.718848 0.251186
3383.74 0.718848 0.251186
3384.7 0.718848 0.251186
3385.65 0.718848 0.251186
3386.61 0.718848 0.251186
3387.56 0.718848 0.251186
3388.52 0.718848 0.251186
3389.47 0.718848 0.251186
3390.43 0.718848 0.251186
3391.38 0.718848 0.251186
3392.34 0.718848 0.251186
3393.29 0.718848 0.251186
3394.25 0.718848 0.251186
3395.2 0.718848 0.251186
3396.16 0.718848 0.251186
3397.11 0.718848 0.251186
3398.07 0.718848 0.251186
3399.02 0.718848 0.251186
3399.98 0.718848 0.251186
3400.93 0.718848 0.251186
3401.89 0.718848 0.251186
3402.84 0.718848 0.251186
3403.8 0.718848 0.251186
3404.75 0.718848 0.251186
3405.71 0.718848 0.251186
3406.66 0.718848 0.251186
3407.62 0.718848 0.251186
3408.57 0.718848 0.251186
3409.53 0.718848 0.251186
3410.48 0.718848 0.251186
3411.44 0.718848 0.251186
3412.39 0.718848 0.251186
3413.35 0.718848 0.251186
3414.3 0.718848 0.251186
3415.26 0.718848 0.251186
3416.21 0.718848 0.251186
3417.17 0.718848 0.251186
3418.12 0.718848 0.251186
3419.08 0.718848 0.251186
3420.03 0.718848 0.251186
3420.99 0.718848 0.251186
3421.94 0.718848 0.251186
3422.9 0.718848 0.251186
3423.85 0.718848 0.251186
3424.81 0.718848 0.251186
3425.76 0.718848 0.251186
3426.72 0.718848 0.251186
3427.67 0.718848 0.251186
3428.63 0.718848 0.251186
3429.58 0.718848 0.251186
3430.54 0.718848 0.251186
3431.49 0.718848 0.251186
3432.45 0.718848 0.251186
3433.4 0.718848 0.251186
3434.36 0.718848 0.251186
3435.31 0.718848 0.251186
3436.27 0.718848 0.251186
3437.22 0.718848 0.251186
3438.18 0.718848 0.251186
3439.13 0.718848 0.251186
3440.09 0.718848 0.251186
3441.04 0.718848 0.251186
3442 0.718848 0.251186
3442.95 0.718848 0.251186
3443.91 0.718848 0.251186
3444.86 0.718848 0.251186
3445.82 0.718848 0.251186
3446.77 0.718848 0.251186
3447.73 0.718848 0.251186
3448.68 0.718848 0.251186
3449.64 0.718848 0.251186
3450.59 0.718848 0.251186
3451.55 0.718848 0.251186
3452.5 0.718848 0.251186
3453.46 0.718848 0.251186
3454.41 0.718848 0.251186
3455.37 0.718848 0.251186
3456.32 0.718848 0.251186
3457.28 0.718848 0.251186
3458.23 0.718848 0.251186
3459.19 0.718848 0.251186
3460.14 0.718848 0.251186
3461.1 0.718848 0.251186
3462.05 0.718848 0.251186
3463.01 0.718848 0.251186
3463.96 0.718848 0.251186
3464.92 0.718848 0.251186
3465.87 0.718848 0.251186
3466.83 0.718848 0.251186
3467.78 0.718848 0.251186
3468.74 0.718848 0.251186
3469.69 0.718848 0.251186
3470.65 0.718848 0.251186
3471.6 0.718848 0.251186
3472.56 0.718848 0.251186
3473.51 0.718848 0.251186
3474.47 0.718848 0.251186
3475.42 0.718848 0.251186
3476.38 0.718848 0.251186
3477.33 0.718848 0.251186
3478.29 0.718848 0.251186
3479.24 0.718848 0.251186
3480.2 0.718848 0.251186
3481.16 0.718848 0.251186
3482.11 0.718848 0.251186
3483.07 0.718848 0.251186
3484.02 0.718848 0.251186
3484.98 0.718848 0.251186
3485.93 0.718848 0.251186
3486.89 0.718848 0.251186
3487.84 0.718848 0.251186
3488.8 0.718848 0.251186
3489.75 0.718848 0.251186
3490.71 0.718848 0.251186
3491.66 0.718848 0.251186
3492.62 0.718848 0.251186
3493.57 0.718848 0.251186
3494.53 0.718848 0.251186
3495.48 0.718848 0.251186
3496.44 0.718848 0.251186
3497.39 0.718848 0.251186
3498.35 0.718848 0.251186
3499.3 0.718848 0.251186
3500.26 0.718848 0.251186
3501.21 0.718848 0.251186
3502.17 0.718848 0.251186
3503.12 0.718848 0.251186
3504.08 0.718848 0.251186
3505.03 0.718848 0.251186
3505.99 0.718848 0.251186
3506.94 0.718848 0.251186
3507.9 0.718848 0.251186
3508.85 0.718848 0.251186
3509.81 0.718848 0.251186
3510.76 0.718848 0.251186
3511.72 0.718848 0.251186
3512.67 0.718848 0.251186
3513.63 0.718848 0.251186
3514.58 0.718848 0.251186
3515.54 0.718848 0.251186
3516.49 0.718848 0.251186
3517.45 0.718848 0.251186
3518.4 0.718848 0.251186
3519.36 0.718848 0.251186
3520.31 0.718848 0.251186
3521.27 0.718848 0.251186
3522.22 0.718848 0.251186
3523.18 0.718848 0.251186
3524.13 0.718848 0.251186
3525.09 0.718848 0.251186
3526.04 0.718848 0.251186
3527 0.718848 0.251186
3527.95 0.718848 0.251186
3528.91 0.718848 0.251186
3529.86 0.718848 0.251186
3530.82 0.718848 0.251186
3531.77 0.718848 0.251186
3532.73 0.718848 0.251186
3533.68 0.718848 0.251186
3534.64 0.718848 0.251186
3535.59 0.718848 0.251186
3536.55 0.718848 0.251186
3537.5 0.718848 0.251186
3538.46 0.718848 0.251186
3539.41 0.718848 0.251186
3540.37 0.718848 0.251186
3541.32 0.718848 0.251186
3542.28 0.718848 0.251186
3543.23 0.718848 0.251186
3544.19 0.718848 0.251186
3545.14 0.718848 0.251186
3546.1 0.718848 0.251186
3547.05 0.718848 0.251186
3548.01 0.718848 0.251186
3548.96 0.718848 0.251186
3549.92 0.718848 0.251186
3550.87 0.718848 0.251186
3551.83 0.718848 0.251186
3552.78 0.718848 0.251186
3553.74 0.718848 0.251186
3554.69 0.718848 0.251186
3555.65 0.718848 0.251186
3556.6 0.718848 0.251186
3557.56 0.718848 0.251186
3558.51 0.718848 0.251186
3559.47 0.718848 0.251186
3560.42 0.718848 0.251186
3561.38 0.718848 0.251186
3562.33 0.718848 0.251186
3563.29 0.718848 0.251186
3564.24 0.718848 0.251186
3565.2 0.718848 0.251186
3566.15 0.718848 0.251186
3567.11 0.718848 0.251186
3568.06 0.718848 0.251186
3569.02 0.718848 0.251186
3569.97 0.718848 0.251186
3570.93 0.718848 0.251186
3571.88 0.718848 0.251186
3572.84 0.718848 0.251186
3573.79 0.718848 0.251186
3574.75 0.718848 0.251186
3575.7 0.718848 0.251186
3576.66 0.718848 0.251186
3577.62 0.718848 0.251186
3578.57 0.718848 0.251186
3579.53 0.718848 0.251186
3580.48 0.718848 0.251186
3581.44 0.718848 0.251186
3582.39 0.718848 0.251186
3583.35 0.718848 0.251186
3584.3 0.718848 0.251186
3585.26 0.718848 0.251186
3586.21 0.718848 0.251186
3587.17 0.718848 0.251186
3588.12 0.718848 0.251186
3589.08 0.718848 0.251186
3590.03 0.718848 0.251186
3590.99 0.718848 0.251186
3591.94 0.718848 0.251186
3592.9 0.718848 0.251186
3593.85 0.718848 0.251186
3594.81 0.718848 0.251186
3595.76 0.718848 0.251186
3596.72 0.718848 0.251186
3597.67 0.718848 0.251186
3598.63 0.718848 0.251186
3599.58 0.718848 0.251186
3600.54 0.718848 0.251186
3601.49 0.718848 0.251186
